FORMAT 1
 fake.rf 1440.00000000 50000.78643623630504322 0.10000 7 
 fake.rf 1440.00000000 50014.45100698154647390 0.10000 7 
 fake.rf 1440.00000000 50028.67192508834137854 0.10000 7 
 fake.rf 1440.00000000 50042.64392622683558898 0.10000 7 
 fake.rf 1440.00000000 50056.68117175291054721 0.10000 7 
 fake.rf 1440.00000000 50070.16688166292295037 0.10000 7 
 fake.rf 1440.00000000 50084.22043651913797291 0.10000 7 
 fake.rf 1440.00000000 50098.47088171656557520 0.10000 7 
 fake.rf 1440.00000000 50112.10568567634257064 0.10000 7 
 fake.rf 1440.00000000 50126.25158977831983265 0.10000 7 
 fake.rf 1440.00000000 50140.16231512973507378 0.10000 7 
 fake.rf 1440.00000000 50154.22507163495164662 0.10000 7 
 fake.rf 1440.00000000 50168.01078795733727134 0.10000 7 
 fake.rf 1440.00000000 50182.07163951836858118 0.10000 7 
 fake.rf 1440.00000000 50196.32596596612625461 0.10000 7 
 fake.rf 1440.00000000 50210.26371682371498295 0.10000 7 
 fake.rf 1440.00000000 50224.03850183122014883 0.10000 7 
 fake.rf 1440.00000000 50238.05466591650147734 0.10000 7 
 fake.rf 1440.00000000 50251.63264357654841419 0.10000 7 
 fake.rf 1440.00000000 50265.90466173064030997 0.10000 7 
 fake.rf 1440.00000000 50279.47265682020820066 0.10000 7 
 fake.rf 1440.00000000 50293.58548823160367647 0.10000 7 
 fake.rf 1440.00000000 50307.47682537173260897 0.10000 7 
 fake.rf 1440.00000000 50321.88322942554552952 0.10000 7 
 fake.rf 1440.00000000 50335.41333820997500581 0.10000 7 
 fake.rf 1440.00000000 50349.53795567116310750 0.10000 7 
 fake.rf 1440.00000000 50363.31896030747832071 0.10000 7 
 fake.rf 1440.00000000 50377.26674649167508235 0.10000 7 
 fake.rf 1440.00000000 50391.82193089015809662 0.10000 7 
 fake.rf 1440.00000000 50405.26325979104993280 0.10000 7 
 fake.rf 1440.00000000 50419.42148401518503675 0.10000 7 
 fake.rf 1440.00000000 50433.60071120822435020 0.10000 7 
 fake.rf 1440.00000000 50447.41150353853174337 0.10000 7 
 fake.rf 1440.00000000 50461.16220532808271670 0.10000 7 
 fake.rf 1440.00000000 50475.35165966705048390 0.10000 7 
 fake.rf 1440.00000000 50489.23792353820207168 0.10000 7 
 fake.rf 1440.00000000 50503.17922801375860331 0.10000 7 
 fake.rf 1440.00000000 50517.46046331442216726 0.10000 7 
 fake.rf 1440.00000000 50530.96873176539331141 0.10000 7 
 fake.rf 1440.00000000 50545.24973297835223462 0.10000 7 
 fake.rf 1440.00000000 50559.04843173297589232 0.10000 7 
 fake.rf 1440.00000000 50573.17231823410062219 0.10000 7 
 fake.rf 1440.00000000 50586.88763539346638254 0.10000 7 
 fake.rf 1440.00000000 50601.17694321804720303 0.10000 7 
 fake.rf 1440.00000000 50614.73324067216098143 0.10000 7 
 fake.rf 1440.00000000 50628.74111034456824854 0.10000 7 
 fake.rf 1440.00000000 50643.00639505755017922 0.10000 7 
 fake.rf 1440.00000000 50657.04237027163863516 0.10000 7 
 fake.rf 1440.00000000 50670.43796343067890930 0.10000 7 
 fake.rf 1440.00000000 50684.98611857736355546 0.10000 7 
 fake.rf 1440.00000000 50698.66567135483182938 0.10000 7 
 fake.rf 1440.00000000 50712.33415228449610623 0.10000 7 
 fake.rf 1440.00000000 50726.36669820581278501 0.10000 7 
 fake.rf 1440.00000000 50740.64248083570789660 0.10000 7 
 fake.rf 1440.00000000 50754.75559190422013600 0.10000 7 
 fake.rf 1440.00000000 50768.35647274939795182 0.10000 7 
 fake.rf 1440.00000000 50782.12843227370841603 0.10000 7 
 fake.rf 1440.00000000 50796.06077402479577287 0.10000 7 
 fake.rf 1440.00000000 50810.31433370072579692 0.10000 7 
 fake.rf 1440.00000000 50824.01303705307001835 0.10000 7 
 fake.rf 1440.00000000 50838.09160038110217172 0.10000 7 
 fake.rf 1440.00000000 50852.54161045107360906 0.10000 7 
 fake.rf 1440.00000000 50866.45776701212065518 0.10000 7 
 fake.rf 1440.00000000 50880.38534873217476573 0.10000 7 
 fake.rf 1440.00000000 50893.95761997692492784 0.10000 7 
 fake.rf 1440.00000000 50908.10145700739897023 0.10000 7 
 fake.rf 1440.00000000 50921.95352871240242720 0.10000 7 
 fake.rf 1440.00000000 50936.17199709855498568 0.10000 7 
 fake.rf 1440.00000000 50949.96862881347587049 0.10000 7 
 fake.rf 1440.00000000 50964.03386167778774052 0.10000 7 
 fake.rf 1440.00000000 50977.90489072282282024 0.10000 7 
 fake.rf 1440.00000000 50991.53844727921090296 0.10000 7 
 fake.rf 1440.00000000 51005.76579270484244333 0.10000 7 
 fake.rf 1440.00000000 51020.05703160076801339 0.10000 7 
 fake.rf 1440.00000000 51034.01812205427087221 0.10000 7 
 fake.rf 1440.00000000 51047.83999101715856384 0.10000 7 
 fake.rf 1440.00000000 51061.51065899631255363 0.10000 7 
 fake.rf 1440.00000000 51075.77526020407816887 0.10000 7 
 fake.rf 1440.00000000 51089.67133045430830762 0.10000 7 
 fake.rf 1440.00000000 51103.44248426904423965 0.10000 7 
 fake.rf 1440.00000000 51117.62680001459336765 0.10000 7 
 fake.rf 1440.00000000 51131.24064914600262099 0.10000 7 
 fake.rf 1440.00000000 51145.38517665945734336 0.10000 7 
 fake.rf 1440.00000000 51159.64026438289360499 0.10000 7 
 fake.rf 1440.00000000 51173.56812222149410729 0.10000 7 
 fake.rf 1440.00000000 51187.19732019926833999 0.10000 7 
 fake.rf 1440.00000000 51201.09151484698405810 0.10000 7 
 fake.rf 1440.00000000 51215.49622494040723097 0.10000 7 
 fake.rf 1440.00000000 51229.09599068763859364 0.10000 7 
 fake.rf 1440.00000000 51243.28197110159837990 0.10000 7 
 fake.rf 1440.00000000 51257.42361061694420243 0.10000 7 
 fake.rf 1440.00000000 51271.14016581951187490 0.10000 7 
 fake.rf 1440.00000000 51285.14771564612721377 0.10000 7 
 fake.rf 1440.00000000 51299.24373779903713100 0.10000 7 
 fake.rf 1440.00000000 51312.92610079438336612 0.10000 7 
 fake.rf 1440.00000000 51327.21081462310375443 0.10000 7 
 fake.rf 1440.00000000 51340.82223313091315831 0.10000 7 
 fake.rf 1440.00000000 51355.06156057426724360 0.10000 7 
 fake.rf 1440.00000000 51368.93630224903523995 0.10000 7 
 fake.rf 1440.00000000 51383.04924518731709071 0.10000 7 
 fake.rf 1440.00000000 51396.72536487270137329 0.10000 7 
 fake.rf 1440.00000000 51410.50936169016213739 0.10000 7 
 fake.rf 1440.00000000 51424.96075387759422171 0.10000 7 
 fake.rf 1440.00000000 51438.90244510003266498 0.10000 7 
 fake.rf 1440.00000000 51452.34924018049417782 0.10000 7 
 fake.rf 1440.00000000 51466.79994888647139462 0.10000 7 
 fake.rf 1440.00000000 51480.60173509335477959 0.10000 7 
 fake.rf 1440.00000000 51494.42409091553911438 0.10000 7 
 fake.rf 1440.00000000 51508.51096025482674534 0.10000 7 
 fake.rf 1440.00000000 51522.24704278323140372 0.10000 7 
 fake.rf 1440.00000000 51536.54544514979838965 0.10000 7 
 fake.rf 1440.00000000 51550.18818963709894376 0.10000 7 
 fake.rf 1440.00000000 51564.24301404741509458 0.10000 7 
 fake.rf 1440.00000000 51578.05750332553466464 0.10000 7 
 fake.rf 1440.00000000 51591.99356159090321583 0.10000 7 
 fake.rf 1440.00000000 51606.01446989384581343 0.10000 7 
 fake.rf 1440.00000000 51620.16304988254261588 0.10000 7 
 fake.rf 1440.00000000 51634.03152883036737109 0.10000 7 
 fake.rf 1440.00000000 51647.82870661569004156 0.10000 7 
 fake.rf 1440.00000000 51662.28194511313292381 0.10000 7 
 fake.rf 1440.00000000 51675.70796388833220547 0.10000 7 
 fake.rf 1440.00000000 51689.68500727182604493 0.10000 7 
 fake.rf 1440.00000000 51703.89302702570702408 0.10000 7 
 fake.rf 1440.00000000 51718.03148838828233025 0.10000 7 
 fake.rf 1440.00000000 51732.14277994773052782 0.10000 7 
 fake.rf 1440.00000000 51746.07138878659351988 0.10000 7 
 fake.rf 1440.00000000 51759.86612340238076513 0.10000 7 
 fake.rf 1440.00000000 51773.62705955032959082 0.10000 7 
 fake.rf 1440.00000000 51787.83322184917458486 0.10000 7 
 fake.rf 1440.00000000 51801.54092422313667754 0.10000 7 
 fake.rf 1440.00000000 51815.45302935524519583 0.10000 7 
 fake.rf 1440.00000000 51829.37353740405970015 0.10000 7 
 fake.rf 1440.00000000 51843.57012929940432144 0.10000 7 
 fake.rf 1440.00000000 51857.30518607935325193 0.10000 7 
 fake.rf 1440.00000000 51871.20561137822718223 0.10000 7 
 fake.rf 1440.00000000 51885.55389112106301752 0.10000 7 
 fake.rf 1440.00000000 51899.11121601057178410 0.10000 7 
 fake.rf 1440.00000000 51913.51832022007146961 0.10000 7 
 fake.rf 1440.00000000 51927.06051517737754963 0.10000 7 
 fake.rf 1440.00000000 51941.40960212412184305 0.10000 7 
 fake.rf 1440.00000000 51954.92434829651256578 0.10000 7 
 fake.rf 1440.00000000 51969.46983839972165597 0.10000 7 
 fake.rf 1440.00000000 51982.83322917726825096 0.10000 7 
 fake.rf 1440.00000000 51997.10769251045405781 0.10000 7 
 fake.rf 1440.00000000 52010.83923129686350961 0.10000 7 
 fake.rf 1440.00000000 52024.84357300587053174 0.10000 7 
 fake.rf 1440.00000000 52039.17717073463798272 0.10000 7 
 fake.rf 1440.00000000 52053.09551560857299890 0.10000 7 
 fake.rf 1440.00000000 52067.00656235208447242 0.10000 7 
 fake.rf 1440.00000000 52081.17556392961985168 0.10000 7 
 fake.rf 1440.00000000 52094.91870669302497632 0.10000 7 
 fake.rf 1440.00000000 52108.96066496077366992 0.10000 7 
 fake.rf 1440.00000000 52122.47826928556125381 0.10000 7 
 fake.rf 1440.00000000 52136.46765786363605599 0.10000 7 
 fake.rf 1440.00000000 52150.68630353743005656 0.10000 7 
 fake.rf 1440.00000000 52164.35342555733979708 0.10000 7 
 fake.rf 1440.00000000 52178.30964900685088637 0.10000 7 
 fake.rf 1440.00000000 52192.36125536731209706 0.10000 7 
 fake.rf 1440.00000000 52206.49420625505937466 0.10000 7 
 fake.rf 1440.00000000 52220.69481804018205295 0.10000 7 
 fake.rf 1440.00000000 52234.49235289018395179 0.10000 7 
 fake.rf 1440.00000000 52248.57563492595676280 0.10000 7 
 fake.rf 1440.00000000 52262.06831419544679207 0.10000 7 
 fake.rf 1440.00000000 52276.10066699051519024 0.10000 7 
 fake.rf 1440.00000000 52290.62389858842241352 0.10000 7 
 fake.rf 1440.00000000 52304.05522921649109946 0.10000 7 
 fake.rf 1440.00000000 52318.47408782213501155 0.10000 7 
 fake.rf 1440.00000000 52331.92620361252992822 0.10000 7 
 fake.rf 1440.00000000 52346.46953126424547520 0.10000 7 
 fake.rf 1440.00000000 52359.80214423235364052 0.10000 7 
 fake.rf 1440.00000000 52374.30823970881750995 0.10000 7 
 fake.rf 1440.00000000 52387.73787289514069698 0.10000 7 
 fake.rf 1440.00000000 52401.65420204321225839 0.10000 7 
 fake.rf 1440.00000000 52416.22858103167994770 0.10000 7 
 fake.rf 1440.00000000 52429.97090365721491878 0.10000 7 
 fake.rf 1440.00000000 52443.65699760860489675 0.10000 7 
 fake.rf 1440.00000000 52457.60727770038069195 0.10000 7 
 fake.rf 1440.00000000 52471.72142415362644030 0.10000 7 
 fake.rf 1440.00000000 52486.03075568668501560 0.10000 7 
 fake.rf 1440.00000000 52499.93030862317902674 0.10000 7 
 fake.rf 1440.00000000 52513.58501600727207759 0.10000 7 
 fake.rf 1440.00000000 52527.67571638041665949 0.10000 7 
 fake.rf 1440.00000000 52541.65545366426204410 0.10000 7 
 fake.rf 1440.00000000 52555.53265813542499529 0.10000 7 
 fake.rf 1440.00000000 52569.65097312018076181 0.10000 7 
 fake.rf 1440.00000000 52583.22091549208541039 0.10000 7 
 fake.rf 1440.00000000 52597.47013468601200259 0.10000 7 
 fake.rf 1440.00000000 52611.58289922315145404 0.10000 7 
 fake.rf 1440.00000000 52625.24267400345873469 0.10000 7 
 fake.rf 1440.00000000 52639.66307015507717537 0.10000 7 
 fake.rf 1440.00000000 52653.34800585392407513 0.10000 7 
 fake.rf 1440.00000000 52667.51020821852715770 0.10000 7 
 fake.rf 1440.00000000 52681.38544582570328245 0.10000 7 
 fake.rf 1440.00000000 52695.26795354744688993 0.10000 7 
 fake.rf 1440.00000000 52708.83406810011720722 0.10000 7 
 fake.rf 1440.00000000 52723.27076338446365611 0.10000 7 
 fake.rf 1440.00000000 52737.28949442520416824 0.10000 7 
 fake.rf 1440.00000000 52751.31269366462830916 0.10000 7 
 fake.rf 1440.00000000 52765.23973082373901278 0.10000 7 
 fake.rf 1440.00000000 52779.17334889607017345 0.10000 7 
 fake.rf 1440.00000000 52793.23405389532998910 0.10000 7 
 fake.rf 1440.00000000 52807.03874588288094571 0.10000 7 
 fake.rf 1440.00000000 52821.10688989663530180 0.10000 7 
 fake.rf 1440.00000000 52835.12215011038920665 0.10000 7 
 fake.rf 1440.00000000 52848.87278040850042515 0.10000 7 
 fake.rf 1440.00000000 52862.72147311293796079 0.10000 7 
 fake.rf 1440.00000000 52876.46105336900919269 0.10000 7 
 fake.rf 1440.00000000 52890.86685655330875733 0.10000 7 
 fake.rf 1440.00000000 52904.86792178307861434 0.10000 7 
 fake.rf 1440.00000000 52918.28839297484119442 0.10000 7 
 fake.rf 1440.00000000 52932.63197514030651547 0.10000 7 
 fake.rf 1440.00000000 52946.32597380174137314 0.10000 7 
 fake.rf 1440.00000000 52960.54203811457696460 0.10000 7 
 fake.rf 1440.00000000 52974.23691691934766368 0.10000 7 
 fake.rf 1440.00000000 52988.51301285744527547 0.10000 7 
 fake.rf 1440.00000000 53002.21895155935391131 0.10000 7 
