FORMAT 1
 fake.rf 1440.00000000 50000.52025181759769978 0.10000 7 
 fake.rf 1440.00000000 50014.41712634958743422 0.10000 7 
 fake.rf 1440.00000000 50028.27405562489121849 0.10000 7 
 fake.rf 1440.00000000 50042.60843705252872482 0.10000 7 
 fake.rf 1440.00000000 50056.29726712735577010 0.10000 7 
 fake.rf 1440.00000000 50070.54402485356860097 0.10000 7 
 fake.rf 1440.00000000 50084.41216804929604578 0.10000 7 
 fake.rf 1440.00000000 50098.68112845354409046 0.10000 7 
 fake.rf 1440.00000000 50112.18195326027155190 0.10000 7 
 fake.rf 1440.00000000 50126.32110376415525366 0.10000 7 
 fake.rf 1440.00000000 50140.39831885425090974 0.10000 7 
 fake.rf 1440.00000000 50153.95610076723344051 0.10000 7 
 fake.rf 1440.00000000 50168.15667661087061902 0.10000 7 
 fake.rf 1440.00000000 50182.19915487292686507 0.10000 7 
 fake.rf 1440.00000000 50196.39544757842952194 0.10000 7 
 fake.rf 1440.00000000 50210.02828781823088278 0.10000 7 
 fake.rf 1440.00000000 50223.91368413900757872 0.10000 7 
 fake.rf 1440.00000000 50238.21634695581084884 0.10000 7 
 fake.rf 1440.00000000 50251.90267344482136735 0.10000 7 
 fake.rf 1440.00000000 50265.57692617491118270 0.10000 7 
 fake.rf 1440.00000000 50279.76650777011671778 0.10000 7 
 fake.rf 1440.00000000 50293.89730727150211109 0.10000 7 
 fake.rf 1440.00000000 50308.01558919092342492 0.10000 7 
 fake.rf 1440.00000000 50321.57779538850949663 0.10000 7 
 fake.rf 1440.00000000 50335.83395884744487603 0.10000 7 
 fake.rf 1440.00000000 50349.66738230216368422 0.10000 7 
 fake.rf 1440.00000000 50363.62847994652272732 0.10000 7 
 fake.rf 1440.00000000 50377.47226711900671603 0.10000 7 
 fake.rf 1440.00000000 50391.70546209502643009 0.10000 7 
 fake.rf 1440.00000000 50405.31421505021852880 0.10000 7 
 fake.rf 1440.00000000 50419.56883366875672792 0.10000 7 
 fake.rf 1440.00000000 50433.14330194064202928 0.10000 7 
 fake.rf 1440.00000000 50447.35382214667303202 0.10000 7 
 fake.rf 1440.00000000 50461.50359610969773527 0.10000 7 
 fake.rf 1440.00000000 50475.45067186522873826 0.10000 7 
 fake.rf 1440.00000000 50489.38824823488195292 0.10000 7 
 fake.rf 1440.00000000 50503.15633930014022468 0.10000 7 
 fake.rf 1440.00000000 50517.00978430371080918 0.10000 7 
 fake.rf 1440.00000000 50531.25454717269854044 0.10000 7 
 fake.rf 1440.00000000 50545.22835578561227976 0.10000 7 
 fake.rf 1440.00000000 50559.25917736394956492 0.10000 7 
 fake.rf 1440.00000000 50572.95271468029689999 0.10000 7 
 fake.rf 1440.00000000 50587.18919795736215050 0.10000 7 
 fake.rf 1440.00000000 50600.79215478274576867 0.10000 7 
 fake.rf 1440.00000000 50615.23306309429223049 0.10000 7 
 fake.rf 1440.00000000 50629.03739847478927416 0.10000 7 
 fake.rf 1440.00000000 50642.97808829199143332 0.10000 7 
 fake.rf 1440.00000000 50656.67595230499587799 0.10000 7 
 fake.rf 1440.00000000 50670.82117657928903398 0.10000 7 
 fake.rf 1440.00000000 50684.48641895129549795 0.10000 7 
 fake.rf 1440.00000000 50698.56342841521144749 0.10000 7 
 fake.rf 1440.00000000 50712.93646035325380694 0.10000 7 
 fake.rf 1440.00000000 50726.77072828585541586 0.10000 7 
 fake.rf 1440.00000000 50740.33757907936281129 0.10000 7 
 fake.rf 1440.00000000 50754.31104328900631373 0.10000 7 
 fake.rf 1440.00000000 50768.43970072479987365 0.10000 7 
 fake.rf 1440.00000000 50782.54486775034581925 0.10000 7 
 fake.rf 1440.00000000 50796.51765562990823710 0.10000 7 
 fake.rf 1440.00000000 50810.52832633725245159 0.10000 7 
 fake.rf 1440.00000000 50824.23824772420208973 0.10000 7 
 fake.rf 1440.00000000 50838.52468128454323448 0.10000 7 
 fake.rf 1440.00000000 50852.16153001557700009 0.10000 7 
 fake.rf 1440.00000000 50866.15081238783951889 0.10000 7 
 fake.rf 1440.00000000 50880.01932558965472353 0.10000 7 
 fake.rf 1440.00000000 50894.51084099982271880 0.10000 7 
 fake.rf 1440.00000000 50907.81875850475404022 0.10000 7 
 fake.rf 1440.00000000 50922.32974081603483540 0.10000 7 
 fake.rf 1440.00000000 50935.96090670349623863 0.10000 7 
 fake.rf 1440.00000000 50949.82716195016823235 0.10000 7 
 fake.rf 1440.00000000 50963.95446654429096256 0.10000 7 
 fake.rf 1440.00000000 50978.26433377677986414 0.10000 7 
 fake.rf 1440.00000000 50992.19963666154879434 0.10000 7 
 fake.rf 1440.00000000 51006.05870461478313516 0.10000 7 
 fake.rf 1440.00000000 51019.97661453158958267 0.10000 7 
 fake.rf 1440.00000000 51033.55310031889057143 0.10000 7 
 fake.rf 1440.00000000 51047.89130265592257985 0.10000 7 
 fake.rf 1440.00000000 51061.65177403880011298 0.10000 7 
 fake.rf 1440.00000000 51075.87384232617029767 0.10000 7 
 fake.rf 1440.00000000 51089.94813478970268505 0.10000 7 
 fake.rf 1440.00000000 51103.89205647513104580 0.10000 7 
 fake.rf 1440.00000000 51117.81759322494290387 0.10000 7 
 fake.rf 1440.00000000 51131.34045454830815203 0.10000 7 
 fake.rf 1440.00000000 51145.69563422706294276 0.10000 7 
 fake.rf 1440.00000000 51159.49366497528608022 0.10000 7 
 fake.rf 1440.00000000 51173.28826982568779869 0.10000 7 
 fake.rf 1440.00000000 51187.65513979295207037 0.10000 7 
 fake.rf 1440.00000000 51201.62005402861108649 0.10000 7 
 fake.rf 1440.00000000 51215.55805197736084367 0.10000 7 
 fake.rf 1440.00000000 51229.26926923064578290 0.10000 7 
 fake.rf 1440.00000000 51243.28308022451900072 0.10000 7 
 fake.rf 1440.00000000 51256.96922564308295378 0.10000 7 
 fake.rf 1440.00000000 51271.00510251992769994 0.10000 7 
 fake.rf 1440.00000000 51285.36065496999259139 0.10000 7 
 fake.rf 1440.00000000 51299.07430881967271219 0.10000 7 
 fake.rf 1440.00000000 51313.01692498115654928 0.10000 7 
 fake.rf 1440.00000000 51327.23555224169231437 0.10000 7 
 fake.rf 1440.00000000 51340.96201632963899542 0.10000 7 
 fake.rf 1440.00000000 51354.78717418446231591 0.10000 7 
 fake.rf 1440.00000000 51368.67519343582099722 0.10000 7 
 fake.rf 1440.00000000 51382.97280550590128456 0.10000 7 
 fake.rf 1440.00000000 51396.96349399773672673 0.10000 7 
 fake.rf 1440.00000000 51410.53293986770467683 0.10000 7 
 fake.rf 1440.00000000 51424.80408089170781238 0.10000 7 
 fake.rf 1440.00000000 51438.69206342125278297 0.10000 7 
 fake.rf 1440.00000000 51452.88431193766117033 0.10000 7 
 fake.rf 1440.00000000 51466.77016479966687967 0.10000 7 
 fake.rf 1440.00000000 51480.36790908983138948 0.10000 7 
 fake.rf 1440.00000000 51494.35885502658338098 0.10000 7 
 fake.rf 1440.00000000 51508.50500226751514532 0.10000 7 
 fake.rf 1440.00000000 51522.21526506963194691 0.10000 7 
 fake.rf 1440.00000000 51536.18835878821282392 0.10000 7 
 fake.rf 1440.00000000 51550.29826881451645804 0.10000 7 
 fake.rf 1440.00000000 51564.23628568596183186 0.10000 7 
 fake.rf 1440.00000000 51578.60278513022663915 0.10000 7 
 fake.rf 1440.00000000 51592.54895198574753934 0.10000 7 
 fake.rf 1440.00000000 51606.31979976459389547 0.10000 7 
 fake.rf 1440.00000000 51620.42472857827342025 0.10000 7 
 fake.rf 1440.00000000 51634.37403575049477666 0.10000 7 
 fake.rf 1440.00000000 51648.12110754743275365 0.10000 7 
 fake.rf 1440.00000000 51661.97547966738952141 0.10000 7 
 fake.rf 1440.00000000 51675.97682391288483217 0.10000 7 
 fake.rf 1440.00000000 51690.11493385607377959 0.10000 7 
 fake.rf 1440.00000000 51704.04340892671674723 0.10000 7 
 fake.rf 1440.00000000 51717.77186502556681447 0.10000 7 
 fake.rf 1440.00000000 51731.66185485379066833 0.10000 7 
 fake.rf 1440.00000000 51745.57117215393816423 0.10000 7 
 fake.rf 1440.00000000 51759.55648159410483800 0.10000 7 
 fake.rf 1440.00000000 51773.87782826543973869 0.10000 7 
 fake.rf 1440.00000000 51787.65052947999134147 0.10000 7 
 fake.rf 1440.00000000 51801.56208421616086213 0.10000 7 
 fake.rf 1440.00000000 51815.55260235648171374 0.10000 7 
 fake.rf 1440.00000000 51829.35421813909249167 0.10000 7 
 fake.rf 1440.00000000 51843.54011149372647793 0.10000 7 
 fake.rf 1440.00000000 51857.83999671037193124 0.10000 7 
 fake.rf 1440.00000000 51871.56782108028110301 0.10000 7 
 fake.rf 1440.00000000 51885.31752235042594990 0.10000 7 
 fake.rf 1440.00000000 51899.54148650203310567 0.10000 7 
 fake.rf 1440.00000000 51913.57194788889447423 0.10000 7 
 fake.rf 1440.00000000 51927.35082119958714131 0.10000 7 
 fake.rf 1440.00000000 51941.09249194200346977 0.10000 7 
 fake.rf 1440.00000000 51955.53810888366192700 0.10000 7 
 fake.rf 1440.00000000 51969.32830195551464314 0.10000 7 
 fake.rf 1440.00000000 51983.21810883220814503 0.10000 7 
 fake.rf 1440.00000000 51996.97330201071076061 0.10000 7 
 fake.rf 1440.00000000 52011.16822060877256817 0.10000 7 
 fake.rf 1440.00000000 52025.04242038948110860 0.10000 7 
 fake.rf 1440.00000000 52039.27335409530038746 0.10000 7 
 fake.rf 1440.00000000 52052.94476093425749497 0.10000 7 
 fake.rf 1440.00000000 52066.80649392958091681 0.10000 7 
 fake.rf 1440.00000000 52080.82272550833663161 0.10000 7 
 fake.rf 1440.00000000 52095.05339717790337417 0.10000 7 
 fake.rf 1440.00000000 52108.95470050384094307 0.10000 7 
 fake.rf 1440.00000000 52123.14726810915592381 0.10000 7 
 fake.rf 1440.00000000 52136.67797423323984063 0.10000 7 
 fake.rf 1440.00000000 52151.01262640134153870 0.10000 7 
 fake.rf 1440.00000000 52164.46674323071457380 0.10000 7 
 fake.rf 1440.00000000 52178.61165937021349492 0.10000 7 
 fake.rf 1440.00000000 52192.30318038323244778 0.10000 7 
 fake.rf 1440.00000000 52206.78353661673012809 0.10000 7 
 fake.rf 1440.00000000 52220.73938003333644176 0.10000 7 
 fake.rf 1440.00000000 52234.38068185717560610 0.10000 7 
 fake.rf 1440.00000000 52248.22311562049017652 0.10000 7 
 fake.rf 1440.00000000 52262.68546756882066973 0.10000 7 
 fake.rf 1440.00000000 52276.55088881965276215 0.10000 7 
 fake.rf 1440.00000000 52290.06476717555351641 0.10000 7 
 fake.rf 1440.00000000 52304.29316956857691423 0.10000 7 
 fake.rf 1440.00000000 52318.61318483525115397 0.10000 7 
 fake.rf 1440.00000000 52332.38925342418298925 0.10000 7 
 fake.rf 1440.00000000 52346.01967656463645184 0.10000 7 
 fake.rf 1440.00000000 52360.15679120061809115 0.10000 7 
 fake.rf 1440.00000000 52374.37942329234297389 0.10000 7 
 fake.rf 1440.00000000 52387.82702276595658120 0.10000 7 
 fake.rf 1440.00000000 52401.79255654339105419 0.10000 7 
 fake.rf 1440.00000000 52415.94322158345444151 0.10000 7 
 fake.rf 1440.00000000 52429.85090694386887833 0.10000 7 
 fake.rf 1440.00000000 52444.04958542308062874 0.10000 7 
 fake.rf 1440.00000000 52458.11267628846623268 0.10000 7 
 fake.rf 1440.00000000 52471.62285477628909192 0.10000 7 
 fake.rf 1440.00000000 52485.53116613819536340 0.10000 7 
 fake.rf 1440.00000000 52499.49421606821012531 0.10000 7 
 fake.rf 1440.00000000 52513.72551887759938083 0.10000 7 
 fake.rf 1440.00000000 52527.90272798593765202 0.10000 7 
 fake.rf 1440.00000000 52541.80530731338444639 0.10000 7 
 fake.rf 1440.00000000 52555.60073710271042557 0.10000 7 
 fake.rf 1440.00000000 52569.34687839247139252 0.10000 7 
 fake.rf 1440.00000000 52583.62233596286802850 0.10000 7 
 fake.rf 1440.00000000 52597.57677530772455299 0.10000 7 
 fake.rf 1440.00000000 52611.50605883971551435 0.10000 7 
 fake.rf 1440.00000000 52625.51126346602400474 0.10000 7 
 fake.rf 1440.00000000 52639.31761845537557676 0.10000 7 
 fake.rf 1440.00000000 52653.24097146546527526 0.10000 7 
 fake.rf 1440.00000000 52667.59237062354826620 0.10000 7 
 fake.rf 1440.00000000 52681.27938545399137737 0.10000 7 
 fake.rf 1440.00000000 52695.03664980436025900 0.10000 7 
 fake.rf 1440.00000000 52709.29169628670504011 0.10000 7 
 fake.rf 1440.00000000 52723.19748223127206543 0.10000 7 
 fake.rf 1440.00000000 52737.22137500894686468 0.10000 7 
 fake.rf 1440.00000000 52751.16799616557709030 0.10000 7 
 fake.rf 1440.00000000 52764.88807676493226140 0.10000 7 
 fake.rf 1440.00000000 52779.24728541906360846 0.10000 7 
 fake.rf 1440.00000000 52792.70258061473140643 0.10000 7 
 fake.rf 1440.00000000 52806.68351935643879358 0.10000 7 
 fake.rf 1440.00000000 52821.19522023099112928 0.10000 7 
 fake.rf 1440.00000000 52834.65427529511692128 0.10000 7 
 fake.rf 1440.00000000 52848.82410513117699224 0.10000 7 
 fake.rf 1440.00000000 52862.61505077003165809 0.10000 7 
 fake.rf 1440.00000000 52876.97767702535330514 0.10000 7 
 fake.rf 1440.00000000 52890.58215712412897958 0.10000 7 
 fake.rf 1440.00000000 52904.58817398864909975 0.10000 7 
 fake.rf 1440.00000000 52918.89733769553437881 0.10000 7 
 fake.rf 1440.00000000 52932.50309379518981601 0.10000 7 
 fake.rf 1440.00000000 52946.77863952113874291 0.10000 7 
 fake.rf 1440.00000000 52960.63657171795011536 0.10000 7 
 fake.rf 1440.00000000 52974.18313322107749386 0.10000 7 
 fake.rf 1440.00000000 52988.29233482160082858 0.10000 7 
 fake.rf 1440.00000000 53002.60130103273068514 0.10000 7 
