FORMAT 1
 fake.rf 1440.00000000 50000.88200643639398990 0.10000 7 
 fake.rf 1440.00000000 50014.98387345914201418 0.10000 7 
 fake.rf 1440.00000000 50028.59368258430843568 0.10000 7 
 fake.rf 1440.00000000 50042.49735841708154993 0.10000 7 
 fake.rf 1440.00000000 50056.44380647678251606 0.10000 7 
 fake.rf 1440.00000000 50070.68186137710663530 0.10000 7 
 fake.rf 1440.00000000 50084.30849575333590806 0.10000 7 
 fake.rf 1440.00000000 50098.64685137958086969 0.10000 7 
 fake.rf 1440.00000000 50112.68039667880352539 0.10000 7 
 fake.rf 1440.00000000 50126.60030365050856460 0.10000 7 
 fake.rf 1440.00000000 50140.21600459403204297 0.10000 7 
 fake.rf 1440.00000000 50154.31166875005463979 0.10000 7 
 fake.rf 1440.00000000 50168.21642292257864781 0.10000 7 
 fake.rf 1440.00000000 50182.25709722478664432 0.10000 7 
 fake.rf 1440.00000000 50196.08352938363176676 0.10000 7 
 fake.rf 1440.00000000 50210.14847151800603697 0.10000 7 
 fake.rf 1440.00000000 50224.20831061646781279 0.10000 7 
 fake.rf 1440.00000000 50237.91800309063298613 0.10000 7 
 fake.rf 1440.00000000 50252.14689297783391098 0.10000 7 
 fake.rf 1440.00000000 50265.74812133268016723 0.10000 7 
 fake.rf 1440.00000000 50279.95365213624148382 0.10000 7 
 fake.rf 1440.00000000 50293.91672774082447361 0.10000 7 
 fake.rf 1440.00000000 50307.82732889564106316 0.10000 7 
 fake.rf 1440.00000000 50322.07710267138944360 0.10000 7 
 fake.rf 1440.00000000 50335.72090131914215760 0.10000 7 
 fake.rf 1440.00000000 50349.94215133776551241 0.10000 7 
 fake.rf 1440.00000000 50363.83903021470166195 0.10000 7 
 fake.rf 1440.00000000 50378.04565383903538489 0.10000 7 
 fake.rf 1440.00000000 50391.85169141600563592 0.10000 7 
 fake.rf 1440.00000000 50405.89599794993745263 0.10000 7 
 fake.rf 1440.00000000 50419.78314718401019690 0.10000 7 
 fake.rf 1440.00000000 50433.48765595303166265 0.10000 7 
 fake.rf 1440.00000000 50447.67205560130862096 0.10000 7 
 fake.rf 1440.00000000 50461.20724000825694588 0.10000 7 
 fake.rf 1440.00000000 50475.52031733874718356 0.10000 7 
 fake.rf 1440.00000000 50489.68939112643992573 0.10000 7 
 fake.rf 1440.00000000 50503.50085649052820003 0.10000 7 
 fake.rf 1440.00000000 50517.47879424372842294 0.10000 7 
 fake.rf 1440.00000000 50531.35778308801340941 0.10000 7 
 fake.rf 1440.00000000 50545.24101981065588518 0.10000 7 
 fake.rf 1440.00000000 50559.17709059332024069 0.10000 7 
 fake.rf 1440.00000000 50573.37667310998212500 0.10000 7 
 fake.rf 1440.00000000 50587.39380002619664367 0.10000 7 
 fake.rf 1440.00000000 50601.27285109408900965 0.10000 7 
 fake.rf 1440.00000000 50614.88466730432054419 0.10000 7 
 fake.rf 1440.00000000 50628.76645247282700879 0.10000 7 
 fake.rf 1440.00000000 50642.74867171131757004 0.10000 7 
 fake.rf 1440.00000000 50657.12521975059018331 0.10000 7 
 fake.rf 1440.00000000 50670.75492346362306506 0.10000 7 
 fake.rf 1440.00000000 50685.00425866579286804 0.10000 7 
 fake.rf 1440.00000000 50699.02026112826784399 0.10000 7 
 fake.rf 1440.00000000 50712.89372169602029317 0.10000 7 
 fake.rf 1440.00000000 50726.47769189203861018 0.10000 7 
 fake.rf 1440.00000000 50740.44252159535455249 0.10000 7 
 fake.rf 1440.00000000 50754.60398199927068319 0.10000 7 
 fake.rf 1440.00000000 50768.53664357571719279 0.10000 7 
 fake.rf 1440.00000000 50782.76094936873633046 0.10000 7 
 fake.rf 1440.00000000 50796.85751471538693380 0.10000 7 
 fake.rf 1440.00000000 50810.36835931999019067 0.10000 7 
 fake.rf 1440.00000000 50824.43692873882708483 0.10000 7 
 fake.rf 1440.00000000 50838.61602669725612458 0.10000 7 
 fake.rf 1440.00000000 50852.71891326477659234 0.10000 7 
 fake.rf 1440.00000000 50866.53021754687838651 0.10000 7 
 fake.rf 1440.00000000 50880.26527453520132482 0.10000 7 
 fake.rf 1440.00000000 50894.60823826343414211 0.10000 7 
 fake.rf 1440.00000000 50908.10417922584601413 0.10000 7 
 fake.rf 1440.00000000 50922.04653610040181988 0.10000 7 
 fake.rf 1440.00000000 50936.23919124794154456 0.10000 7 
 fake.rf 1440.00000000 50950.41796271109264183 0.10000 7 
 fake.rf 1440.00000000 50964.27753446587971453 0.10000 7 
 fake.rf 1440.00000000 50978.39165238552388359 0.10000 7 
 fake.rf 1440.00000000 50991.87805406431510491 0.10000 7 
 fake.rf 1440.00000000 51005.97543442660959911 0.10000 7 
 fake.rf 1440.00000000 51020.14490532923037591 0.10000 7 
 fake.rf 1440.00000000 51034.21525077215533628 0.10000 7 
 fake.rf 1440.00000000 51047.96267344128807153 0.10000 7 
 fake.rf 1440.00000000 51062.05215556656176901 0.10000 7 
 fake.rf 1440.00000000 51076.14294631771726785 0.10000 7 
 fake.rf 1440.00000000 51089.63847643911864793 0.10000 7 
 fake.rf 1440.00000000 51104.06255497128478993 0.10000 7 
 fake.rf 1440.00000000 51117.77424031808065408 0.10000 7 
 fake.rf 1440.00000000 51131.99066566710484949 0.10000 7 
 fake.rf 1440.00000000 51145.65976415670265709 0.10000 7 
 fake.rf 1440.00000000 51159.66031246283286649 0.10000 7 
 fake.rf 1440.00000000 51173.87979354893982986 0.10000 7 
 fake.rf 1440.00000000 51187.74857851915203710 0.10000 7 
 fake.rf 1440.00000000 51201.72001444910143420 0.10000 7 
 fake.rf 1440.00000000 51215.53536074859905725 0.10000 7 
 fake.rf 1440.00000000 51229.53893711494254504 0.10000 7 
 fake.rf 1440.00000000 51243.72611041510352337 0.10000 7 
 fake.rf 1440.00000000 51257.64825219791576316 0.10000 7 
 fake.rf 1440.00000000 51271.20248592392981735 0.10000 7 
 fake.rf 1440.00000000 51285.53077184025968549 0.10000 7 
 fake.rf 1440.00000000 51299.30244395359765619 0.10000 7 
 fake.rf 1440.00000000 51313.29662743612960085 0.10000 7 
 fake.rf 1440.00000000 51327.33943642751329861 0.10000 7 
 fake.rf 1440.00000000 51341.31194227398342633 0.10000 7 
 fake.rf 1440.00000000 51355.28670867460713367 0.10000 7 
 fake.rf 1440.00000000 51368.89373224370745064 0.10000 7 
 fake.rf 1440.00000000 51383.08323561916871824 0.10000 7 
 fake.rf 1440.00000000 51396.95579985093283781 0.10000 7 
 fake.rf 1440.00000000 51410.71516739281269182 0.10000 7 
 fake.rf 1440.00000000 51425.09596519029106432 0.10000 7 
 fake.rf 1440.00000000 51439.10413583671923377 0.10000 7 
 fake.rf 1440.00000000 51453.07120035121138102 0.10000 7 
 fake.rf 1440.00000000 51466.89390300155300295 0.10000 7 
 fake.rf 1440.00000000 51480.68772236943749121 0.10000 7 
 fake.rf 1440.00000000 51494.78249505708694045 0.10000 7 
 fake.rf 1440.00000000 51508.73421451598788678 0.10000 7 
 fake.rf 1440.00000000 51522.72845675259117826 0.10000 7 
 fake.rf 1440.00000000 51536.61886739479122710 0.10000 7 
 fake.rf 1440.00000000 51550.32049828720748863 0.10000 7 
 fake.rf 1440.00000000 51564.56939191091444386 0.10000 7 
 fake.rf 1440.00000000 51578.16712710177737833 0.10000 7 
 fake.rf 1440.00000000 51592.57419902184567917 0.10000 7 
 fake.rf 1440.00000000 51606.41413317316558818 0.10000 7 
 fake.rf 1440.00000000 51620.58554603660343574 0.10000 7 
 fake.rf 1440.00000000 51634.33561329493382885 0.10000 7 
 fake.rf 1440.00000000 51648.02911979823000266 0.10000 7 
 fake.rf 1440.00000000 51662.24233510367995592 0.10000 7 
 fake.rf 1440.00000000 51676.21780172060938696 0.10000 7 
 fake.rf 1440.00000000 51689.87167611325954653 0.10000 7 
 fake.rf 1440.00000000 51704.34401787543583140 0.10000 7 
 fake.rf 1440.00000000 51718.01932977249068557 0.10000 7 
 fake.rf 1440.00000000 51732.14976902556992400 0.10000 7 
 fake.rf 1440.00000000 51745.98785364647300611 0.10000 7 
 fake.rf 1440.00000000 51759.74420063822668325 0.10000 7 
 fake.rf 1440.00000000 51773.88537180632093992 0.10000 7 
 fake.rf 1440.00000000 51787.73644887657905045 0.10000 7 
 fake.rf 1440.00000000 51801.80471218252579035 0.10000 7 
 fake.rf 1440.00000000 51815.50694613077716255 0.10000 7 
 fake.rf 1440.00000000 51829.93548016641412346 0.10000 7 
 fake.rf 1440.00000000 51843.80133705621491202 0.10000 7 
 fake.rf 1440.00000000 51857.92259487257840078 0.10000 7 
 fake.rf 1440.00000000 51871.73085895958732294 0.10000 7 
 fake.rf 1440.00000000 51885.60200640096190128 0.10000 7 
 fake.rf 1440.00000000 51899.58419294789780807 0.10000 7 
 fake.rf 1440.00000000 51913.89116913565461786 0.10000 7 
 fake.rf 1440.00000000 51927.22864867849422055 0.10000 7 
 fake.rf 1440.00000000 51941.20078074369351029 0.10000 7 
 fake.rf 1440.00000000 51955.54022527394598896 0.10000 7 
 fake.rf 1440.00000000 51969.47300816995927164 0.10000 7 
 fake.rf 1440.00000000 51983.18499715905024416 0.10000 7 
 fake.rf 1440.00000000 51997.14489473428551136 0.10000 7 
 fake.rf 1440.00000000 52011.38030555841948299 0.10000 7 
 fake.rf 1440.00000000 52025.53759254904637999 0.10000 7 
 fake.rf 1440.00000000 52039.37565033617913457 0.10000 7 
 fake.rf 1440.00000000 52053.15403340728882853 0.10000 7 
 fake.rf 1440.00000000 52067.09961370395616953 0.10000 7 
 fake.rf 1440.00000000 52081.33607075564113842 0.10000 7 
 fake.rf 1440.00000000 52095.36589523080649755 0.10000 7 
 fake.rf 1440.00000000 52109.32516820662407397 0.10000 7 
 fake.rf 1440.00000000 52123.25372566697931731 0.10000 7 
 fake.rf 1440.00000000 52137.12745130292491780 0.10000 7 
 fake.rf 1440.00000000 52150.80026226521298227 0.10000 7 
 fake.rf 1440.00000000 52164.89748506923679017 0.10000 7 
 fake.rf 1440.00000000 52178.64752137526714293 0.10000 7 
 fake.rf 1440.00000000 52192.78157207105196491 0.10000 7 
 fake.rf 1440.00000000 52207.05819208373358720 0.10000 7 
 fake.rf 1440.00000000 52220.69753153117478561 0.10000 7 
 fake.rf 1440.00000000 52234.93807160142261736 0.10000 7 
 fake.rf 1440.00000000 52248.95515159762019763 0.10000 7 
 fake.rf 1440.00000000 52262.39458448523790679 0.10000 7 
 fake.rf 1440.00000000 52276.53920750517848859 0.10000 7 
 fake.rf 1440.00000000 52290.71577142387611303 0.10000 7 
 fake.rf 1440.00000000 52304.66836112150719273 0.10000 7 
 fake.rf 1440.00000000 52318.72235765221472548 0.10000 7 
 fake.rf 1440.00000000 52332.25266750103608970 0.10000 7 
 fake.rf 1440.00000000 52346.55045950240680241 0.10000 7 
 fake.rf 1440.00000000 52360.64682830812510872 0.10000 7 
 fake.rf 1440.00000000 52374.18749623845745944 0.10000 7 
 fake.rf 1440.00000000 52388.19629216603615518 0.10000 7 
 fake.rf 1440.00000000 52402.26366992848035409 0.10000 7 
 fake.rf 1440.00000000 52416.22121963364073238 0.10000 7 
 fake.rf 1440.00000000 52430.22813918946847522 0.10000 7 
 fake.rf 1440.00000000 52443.90248715377573063 0.10000 7 
 fake.rf 1440.00000000 52458.05554990426680106 0.10000 7 
 fake.rf 1440.00000000 52471.93875333375615355 0.10000 7 
 fake.rf 1440.00000000 52486.09637712794759068 0.10000 7 
 fake.rf 1440.00000000 52500.23324623497574848 0.10000 7 
 fake.rf 1440.00000000 52513.72446610713028647 0.10000 7 
 fake.rf 1440.00000000 52527.95014044242138951 0.10000 7 
 fake.rf 1440.00000000 52542.08450860185946141 0.10000 7 
 fake.rf 1440.00000000 52555.54251197379685578 0.10000 7 
 fake.rf 1440.00000000 52569.68013802956576086 0.10000 7 
 fake.rf 1440.00000000 52583.52554321379138003 0.10000 7 
 fake.rf 1440.00000000 52597.78566210803506209 0.10000 7 
 fake.rf 1440.00000000 52611.71155050892920357 0.10000 7 
 fake.rf 1440.00000000 52625.72923249314114358 0.10000 7 
 fake.rf 1440.00000000 52639.63753079777141508 0.10000 7 
 fake.rf 1440.00000000 52653.24098470924315407 0.10000 7 
 fake.rf 1440.00000000 52667.53743285509487038 0.10000 7 
 fake.rf 1440.00000000 52681.50103720524393580 0.10000 7 
 fake.rf 1440.00000000 52695.24881675724702035 0.10000 7 
 fake.rf 1440.00000000 52709.06144729766073453 0.10000 7 
 fake.rf 1440.00000000 52723.23984165008639735 0.10000 7 
 fake.rf 1440.00000000 52736.97843694381408497 0.10000 7 
 fake.rf 1440.00000000 52751.54995676780933067 0.10000 7 
 fake.rf 1440.00000000 52765.29688703890155566 0.10000 7 
 fake.rf 1440.00000000 52779.37150039279949709 0.10000 7 
 fake.rf 1440.00000000 52793.41094840448879921 0.10000 7 
 fake.rf 1440.00000000 52807.40343936640078226 0.10000 7 
 fake.rf 1440.00000000 52820.85840802558226414 0.10000 7 
 fake.rf 1440.00000000 52835.00345989533133562 0.10000 7 
 fake.rf 1440.00000000 52848.99172660410547664 0.10000 7 
 fake.rf 1440.00000000 52863.15850755640234127 0.10000 7 
 fake.rf 1440.00000000 52877.01613345466449445 0.10000 7 
 fake.rf 1440.00000000 52891.19568899066084100 0.10000 7 
 fake.rf 1440.00000000 52904.61723277475658733 0.10000 7 
 fake.rf 1440.00000000 52918.67070852487419330 0.10000 7 
 fake.rf 1440.00000000 52933.02535923647670302 0.10000 7 
 fake.rf 1440.00000000 52946.64301561843350186 0.10000 7 
 fake.rf 1440.00000000 52960.96039178453470342 0.10000 7 
 fake.rf 1440.00000000 52974.82097005287977964 0.10000 7 
 fake.rf 1440.00000000 52988.60152255061728965 0.10000 7 
 fake.rf 1440.00000000 53002.42808416164685426 0.10000 7 
