FORMAT 1
 fake.rf 1440.00000000 50001.10109319175154141 0.10000 7 
 fake.rf 1440.00000000 50014.51332413752255945 0.10000 7 
 fake.rf 1440.00000000 50028.97066676966200660 0.10000 7 
 fake.rf 1440.00000000 50042.77078419901063455 0.10000 7 
 fake.rf 1440.00000000 50056.79620613026054698 0.10000 7 
 fake.rf 1440.00000000 50070.89522893878608656 0.10000 7 
 fake.rf 1440.00000000 50084.36335397408866754 0.10000 7 
 fake.rf 1440.00000000 50098.39060623521159599 0.10000 7 
 fake.rf 1440.00000000 50112.27563444782837010 0.10000 7 
 fake.rf 1440.00000000 50126.26128282937041902 0.10000 7 
 fake.rf 1440.00000000 50140.50515551271418602 0.10000 7 
 fake.rf 1440.00000000 50154.16700544005018969 0.10000 7 
 fake.rf 1440.00000000 50168.09573276727702407 0.10000 7 
 fake.rf 1440.00000000 50182.12476194141260422 0.10000 7 
 fake.rf 1440.00000000 50196.56611773464430115 0.10000 7 
 fake.rf 1440.00000000 50209.90585273214767881 0.10000 7 
 fake.rf 1440.00000000 50223.96559878016581635 0.10000 7 
 fake.rf 1440.00000000 50237.90014914986706529 0.10000 7 
 fake.rf 1440.00000000 50252.08982899464118077 0.10000 7 
 fake.rf 1440.00000000 50266.17606754614921627 0.10000 7 
 fake.rf 1440.00000000 50280.31562529910650383 0.10000 7 
 fake.rf 1440.00000000 50293.73449016355294106 0.10000 7 
 fake.rf 1440.00000000 50308.03851051809059669 0.10000 7 
 fake.rf 1440.00000000 50321.63783787230990185 0.10000 7 
 fake.rf 1440.00000000 50335.81507143024794360 0.10000 7 
 fake.rf 1440.00000000 50349.84530195459205615 0.10000 7 
 fake.rf 1440.00000000 50363.76717827623888368 0.10000 7 
 fake.rf 1440.00000000 50377.63334747535638769 0.10000 7 
 fake.rf 1440.00000000 50391.56238213951113636 0.10000 7 
 fake.rf 1440.00000000 50405.96970387460748597 0.10000 7 
 fake.rf 1440.00000000 50419.70066067815272959 0.10000 7 
 fake.rf 1440.00000000 50433.41213100226905652 0.10000 7 
 fake.rf 1440.00000000 50447.26990957777633184 0.10000 7 
 fake.rf 1440.00000000 50461.49643514202620764 0.10000 7 
 fake.rf 1440.00000000 50475.71291587893595931 0.10000 7 
 fake.rf 1440.00000000 50489.63434232511943378 0.10000 7 
 fake.rf 1440.00000000 50503.33144993345743146 0.10000 7 
 fake.rf 1440.00000000 50517.72094823372928118 0.10000 7 
 fake.rf 1440.00000000 50531.04118672174618965 0.10000 7 
 fake.rf 1440.00000000 50545.32821529189216747 0.10000 7 
 fake.rf 1440.00000000 50559.07492131286018733 0.10000 7 
 fake.rf 1440.00000000 50573.34392518814830808 0.10000 7 
 fake.rf 1440.00000000 50587.33102952597618085 0.10000 7 
 fake.rf 1440.00000000 50601.04468941445790620 0.10000 7 
 fake.rf 1440.00000000 50615.38094833722496801 0.10000 7 
 fake.rf 1440.00000000 50629.18096760530853473 0.10000 7 
 fake.rf 1440.00000000 50642.93925534174332270 0.10000 7 
 fake.rf 1440.00000000 50656.70681964042989165 0.10000 7 
 fake.rf 1440.00000000 50671.14628255492024422 0.10000 7 
 fake.rf 1440.00000000 50685.13247573160493076 0.10000 7 
 fake.rf 1440.00000000 50699.02450476814550129 0.10000 7 
 fake.rf 1440.00000000 50712.97508448408627046 0.10000 7 
 fake.rf 1440.00000000 50727.08503537088088464 0.10000 7 
 fake.rf 1440.00000000 50740.65264447047067975 0.10000 7 
 fake.rf 1440.00000000 50754.90744438237214098 0.10000 7 
 fake.rf 1440.00000000 50768.56618797387548625 0.10000 7 
 fake.rf 1440.00000000 50782.86892014962226582 0.10000 7 
 fake.rf 1440.00000000 50796.41715613365886384 0.10000 7 
 fake.rf 1440.00000000 50810.64696140778796973 0.10000 7 
 fake.rf 1440.00000000 50824.25028780387645710 0.10000 7 
 fake.rf 1440.00000000 50838.24407157597158147 0.10000 7 
 fake.rf 1440.00000000 50852.24305940874209142 0.10000 7 
 fake.rf 1440.00000000 50866.26274920556033976 0.10000 7 
 fake.rf 1440.00000000 50880.15253751637310486 0.10000 7 
 fake.rf 1440.00000000 50894.41627686157578125 0.10000 7 
 fake.rf 1440.00000000 50908.02400669162624425 0.10000 7 
 fake.rf 1440.00000000 50922.54011456456202112 0.10000 7 
 fake.rf 1440.00000000 50936.53918744752467518 0.10000 7 
 fake.rf 1440.00000000 50949.90797512955660409 0.10000 7 
 fake.rf 1440.00000000 50964.44921388018963881 0.10000 7 
 fake.rf 1440.00000000 50978.10687487830785258 0.10000 7 
 fake.rf 1440.00000000 50991.92726166605521954 0.10000 7 
 fake.rf 1440.00000000 51006.10906358056814014 0.10000 7 
 fake.rf 1440.00000000 51019.79205466120377821 0.10000 7 
 fake.rf 1440.00000000 51034.03099420120484098 0.10000 7 
 fake.rf 1440.00000000 51047.92061417302664950 0.10000 7 
 fake.rf 1440.00000000 51062.10851784337143400 0.10000 7 
 fake.rf 1440.00000000 51076.14397070402371170 0.10000 7 
 fake.rf 1440.00000000 51089.83938145173986811 0.10000 7 
 fake.rf 1440.00000000 51103.83830691433052706 0.10000 7 
 fake.rf 1440.00000000 51117.89817927699100863 0.10000 7 
 fake.rf 1440.00000000 51131.52384504957855782 0.10000 7 
 fake.rf 1440.00000000 51145.51157676665646790 0.10000 7 
 fake.rf 1440.00000000 51159.71962592165140649 0.10000 7 
 fake.rf 1440.00000000 51173.61779332390514696 0.10000 7 
 fake.rf 1440.00000000 51187.23188435844512156 0.10000 7 
 fake.rf 1440.00000000 51201.80356971209479156 0.10000 7 
 fake.rf 1440.00000000 51215.37602918336407498 0.10000 7 
 fake.rf 1440.00000000 51229.24324831226642729 0.10000 7 
 fake.rf 1440.00000000 51243.41629884842032894 0.10000 7 
 fake.rf 1440.00000000 51257.29697704414911286 0.10000 7 
 fake.rf 1440.00000000 51271.19620652846313646 0.10000 7 
 fake.rf 1440.00000000 51285.40647054647669023 0.10000 7 
 fake.rf 1440.00000000 51299.34506469651573468 0.10000 7 
 fake.rf 1440.00000000 51313.17230860592411901 0.10000 7 
 fake.rf 1440.00000000 51327.01787157713019738 0.10000 7 
 fake.rf 1440.00000000 51341.26908791398354381 0.10000 7 
 fake.rf 1440.00000000 51354.98399922493911518 0.10000 7 
 fake.rf 1440.00000000 51368.86686095191939927 0.10000 7 
 fake.rf 1440.00000000 51383.19175797281550899 0.10000 7 
 fake.rf 1440.00000000 51396.81946746020525651 0.10000 7 
 fake.rf 1440.00000000 51411.06488292141439089 0.10000 7 
 fake.rf 1440.00000000 51424.58172563351035578 0.10000 7 
 fake.rf 1440.00000000 51439.09613009338462675 0.10000 7 
 fake.rf 1440.00000000 51453.06276263671325921 0.10000 7 
 fake.rf 1440.00000000 51466.85677086319124030 0.10000 7 
 fake.rf 1440.00000000 51480.63235481183859577 0.10000 7 
 fake.rf 1440.00000000 51494.82511703634185452 0.10000 7 
 fake.rf 1440.00000000 51508.69280460202000782 0.10000 7 
 fake.rf 1440.00000000 51522.86869156524548430 0.10000 7 
 fake.rf 1440.00000000 51536.43193912766014009 0.10000 7 
 fake.rf 1440.00000000 51550.39772481330114218 0.10000 7 
 fake.rf 1440.00000000 51564.23750384336729624 0.10000 7 
 fake.rf 1440.00000000 51578.49337536507913526 0.10000 7 
 fake.rf 1440.00000000 51592.70543632759759234 0.10000 7 
 fake.rf 1440.00000000 51606.48160919617905762 0.10000 7 
 fake.rf 1440.00000000 51620.38979768820195204 0.10000 7 
 fake.rf 1440.00000000 51634.54510356316894715 0.10000 7 
 fake.rf 1440.00000000 51648.59862819797085720 0.10000 7 
 fake.rf 1440.00000000 51662.41226209774588796 0.10000 7 
 fake.rf 1440.00000000 51676.11217777720587918 0.10000 7 
 fake.rf 1440.00000000 51690.08460690869086562 0.10000 7 
 fake.rf 1440.00000000 51703.83569634087949751 0.10000 7 
 fake.rf 1440.00000000 51717.78410225419118262 0.10000 7 
 fake.rf 1440.00000000 51731.73335143670426106 0.10000 7 
 fake.rf 1440.00000000 51746.01657741797679790 0.10000 7 
 fake.rf 1440.00000000 51759.84877216734176386 0.10000 7 
 fake.rf 1440.00000000 51774.08746417975541476 0.10000 7 
 fake.rf 1440.00000000 51788.12382725670773098 0.10000 7 
 fake.rf 1440.00000000 51801.87710995079352472 0.10000 7 
 fake.rf 1440.00000000 51815.81225818365727775 0.10000 7 
 fake.rf 1440.00000000 51829.51455683134509655 0.10000 7 
 fake.rf 1440.00000000 51843.55148097508678262 0.10000 7 
 fake.rf 1440.00000000 51857.70836502239535548 0.10000 7 
 fake.rf 1440.00000000 51871.96329374154044700 0.10000 7 
 fake.rf 1440.00000000 51885.33841050418283913 0.10000 7 
 fake.rf 1440.00000000 51899.32752842633687962 0.10000 7 
 fake.rf 1440.00000000 51913.39626738154330354 0.10000 7 
 fake.rf 1440.00000000 51927.66903899254627319 0.10000 7 
 fake.rf 1440.00000000 51941.56407035480377843 0.10000 7 
 fake.rf 1440.00000000 51955.18025592460086060 0.10000 7 
 fake.rf 1440.00000000 51969.72116760353274145 0.10000 7 
 fake.rf 1440.00000000 51983.62021077922456413 0.10000 7 
 fake.rf 1440.00000000 51997.11440145667458168 0.10000 7 
 fake.rf 1440.00000000 52011.28274423643900803 0.10000 7 
 fake.rf 1440.00000000 52025.43207430102314603 0.10000 7 
 fake.rf 1440.00000000 52039.40733055977102595 0.10000 7 
 fake.rf 1440.00000000 52052.85542124346303794 0.10000 7 
 fake.rf 1440.00000000 52067.19828340100769282 0.10000 7 
 fake.rf 1440.00000000 52081.26529027384441761 0.10000 7 
 fake.rf 1440.00000000 52095.23190765208816799 0.10000 7 
 fake.rf 1440.00000000 52109.31291152653534482 0.10000 7 
 fake.rf 1440.00000000 52122.72390693674478612 0.10000 7 
 fake.rf 1440.00000000 52137.14650630444234380 0.10000 7 
 fake.rf 1440.00000000 52151.21414205558798116 0.10000 7 
 fake.rf 1440.00000000 52164.61261261630741970 0.10000 7 
 fake.rf 1440.00000000 52178.68999756628445041 0.10000 7 
 fake.rf 1440.00000000 52192.62805422482082207 0.10000 7 
 fake.rf 1440.00000000 52206.97010961570770249 0.10000 7 
 fake.rf 1440.00000000 52220.45541685966799506 0.10000 7 
 fake.rf 1440.00000000 52234.85164900461206727 0.10000 7 
 fake.rf 1440.00000000 52248.50041202177879640 0.10000 7 
 fake.rf 1440.00000000 52262.39291062489877504 0.10000 7 
 fake.rf 1440.00000000 52276.86429319148175665 0.10000 7 
 fake.rf 1440.00000000 52290.70816580722799571 0.10000 7 
 fake.rf 1440.00000000 52304.22715281547358401 0.10000 7 
 fake.rf 1440.00000000 52318.77854490473846738 0.10000 7 
 fake.rf 1440.00000000 52332.64976162733601228 0.10000 7 
 fake.rf 1440.00000000 52346.27571353741393878 0.10000 7 
 fake.rf 1440.00000000 52360.47143672400008896 0.10000 7 
 fake.rf 1440.00000000 52374.27591102965665470 0.10000 7 
 fake.rf 1440.00000000 52388.22294094195328995 0.10000 7 
 fake.rf 1440.00000000 52402.33113522601542300 0.10000 7 
 fake.rf 1440.00000000 52416.07287900081806242 0.10000 7 
 fake.rf 1440.00000000 52430.21899203905437403 0.10000 7 
 fake.rf 1440.00000000 52443.86708846088516367 0.10000 7 
 fake.rf 1440.00000000 52457.79638860116427068 0.10000 7 
 fake.rf 1440.00000000 52471.95598400985824483 0.10000 7 
 fake.rf 1440.00000000 52485.75706366665590608 0.10000 7 
 fake.rf 1440.00000000 52500.06745205006456345 0.10000 7 
 fake.rf 1440.00000000 52513.66561345348902634 0.10000 7 
 fake.rf 1440.00000000 52528.13820376041483584 0.10000 7 
 fake.rf 1440.00000000 52541.90115532500090012 0.10000 7 
 fake.rf 1440.00000000 52555.61520469314810100 0.10000 7 
 fake.rf 1440.00000000 52569.88195361472287814 0.10000 7 
 fake.rf 1440.00000000 52583.75076696997933468 0.10000 7 
 fake.rf 1440.00000000 52597.56818017360778583 0.10000 7 
 fake.rf 1440.00000000 52611.95053968881179429 0.10000 7 
 fake.rf 1440.00000000 52625.79563607887068244 0.10000 7 
 fake.rf 1440.00000000 52639.32666370100812614 0.10000 7 
 fake.rf 1440.00000000 52653.23255691827396774 0.10000 7 
 fake.rf 1440.00000000 52667.51211147122904421 0.10000 7 
 fake.rf 1440.00000000 52681.39679457333118506 0.10000 7 
 fake.rf 1440.00000000 52695.23341237395145953 0.10000 7 
 fake.rf 1440.00000000 52709.35590911054750762 0.10000 7 
 fake.rf 1440.00000000 52723.12269111996219451 0.10000 7 
 fake.rf 1440.00000000 52737.18318844662305622 0.10000 7 
 fake.rf 1440.00000000 52751.22863684545885832 0.10000 7 
 fake.rf 1440.00000000 52764.90486151638805978 0.10000 7 
 fake.rf 1440.00000000 52779.29620323592478925 0.10000 7 
 fake.rf 1440.00000000 52792.90893421434710220 0.10000 7 
 fake.rf 1440.00000000 52807.09452610740320466 0.10000 7 
 fake.rf 1440.00000000 52820.80445722919208151 0.10000 7 
 fake.rf 1440.00000000 52835.23027513687285150 0.10000 7 
 fake.rf 1440.00000000 52849.19583677307956648 0.10000 7 
 fake.rf 1440.00000000 52863.09010702954373428 0.10000 7 
 fake.rf 1440.00000000 52877.20224741294768478 0.10000 7 
 fake.rf 1440.00000000 52891.13533523072956299 0.10000 7 
 fake.rf 1440.00000000 52904.56076039040474157 0.10000 7 
 fake.rf 1440.00000000 52918.51220685037366209 0.10000 7 
 fake.rf 1440.00000000 52932.79390903229798226 0.10000 7 
 fake.rf 1440.00000000 52946.52238810643470046 0.10000 7 
 fake.rf 1440.00000000 52960.98465052615897264 0.10000 7 
 fake.rf 1440.00000000 52974.40086388549546825 0.10000 7 
 fake.rf 1440.00000000 52988.54828538320374420 0.10000 7 
 fake.rf 1440.00000000 53002.64885613115645668 0.10000 7 
