FORMAT 1
 fake.rf 1440.00000000 50000.93069973760921343 0.10000 7 
 fake.rf 1440.00000000 50014.93376046839725646 0.10000 7 
 fake.rf 1440.00000000 50028.78825023209819989 0.10000 7 
 fake.rf 1440.00000000 50042.66149192561011816 0.10000 7 
 fake.rf 1440.00000000 50056.90047306552180117 0.10000 7 
 fake.rf 1440.00000000 50070.69908194134524138 0.10000 7 
 fake.rf 1440.00000000 50084.89010437170470880 0.10000 7 
 fake.rf 1440.00000000 50098.38532818598265806 0.10000 7 
 fake.rf 1440.00000000 50112.72544742771816928 0.10000 7 
 fake.rf 1440.00000000 50126.41052606399199121 0.10000 7 
 fake.rf 1440.00000000 50140.37742453421015654 0.10000 7 
 fake.rf 1440.00000000 50154.14960041160275850 0.10000 7 
 fake.rf 1440.00000000 50168.58502014107383715 0.10000 7 
 fake.rf 1440.00000000 50182.26636960179131819 0.10000 7 
 fake.rf 1440.00000000 50196.46811325766264389 0.10000 7 
 fake.rf 1440.00000000 50210.55448988633721541 0.10000 7 
 fake.rf 1440.00000000 50224.45965745376333444 0.10000 7 
 fake.rf 1440.00000000 50238.40955816904039111 0.10000 7 
 fake.rf 1440.00000000 50252.29331201922293815 0.10000 7 
 fake.rf 1440.00000000 50266.20226744899574456 0.10000 7 
 fake.rf 1440.00000000 50280.08466451633379535 0.10000 7 
 fake.rf 1440.00000000 50294.11878482184851791 0.10000 7 
 fake.rf 1440.00000000 50307.99905414650383051 0.10000 7 
 fake.rf 1440.00000000 50322.01176896142527539 0.10000 7 
 fake.rf 1440.00000000 50336.03556171944128650 0.10000 7 
 fake.rf 1440.00000000 50349.56909258357949710 0.10000 7 
 fake.rf 1440.00000000 50364.01517936051523350 0.10000 7 
 fake.rf 1440.00000000 50377.87279401896566355 0.10000 7 
 fake.rf 1440.00000000 50391.52743082043307155 0.10000 7 
 fake.rf 1440.00000000 50405.49249858414761505 0.10000 7 
 fake.rf 1440.00000000 50419.48891002223008684 0.10000 7 
 fake.rf 1440.00000000 50433.83835889007179532 0.10000 7 
 fake.rf 1440.00000000 50447.84471346503871914 0.10000 7 
 fake.rf 1440.00000000 50461.73384079809163083 0.10000 7 
 fake.rf 1440.00000000 50475.32809070633774340 0.10000 7 
 fake.rf 1440.00000000 50489.61165255115725969 0.10000 7 
 fake.rf 1440.00000000 50503.33761475489958670 0.10000 7 
 fake.rf 1440.00000000 50517.16111319004776092 0.10000 7 
 fake.rf 1440.00000000 50531.64479148023021438 0.10000 7 
 fake.rf 1440.00000000 50545.08243236829285649 0.10000 7 
 fake.rf 1440.00000000 50559.29590219516692784 0.10000 7 
 fake.rf 1440.00000000 50573.11803842190065339 0.10000 7 
 fake.rf 1440.00000000 50587.03274787831969661 0.10000 7 
 fake.rf 1440.00000000 50601.05319683436593081 0.10000 7 
 fake.rf 1440.00000000 50615.26157520959640479 0.10000 7 
 fake.rf 1440.00000000 50629.41625445776931613 0.10000 7 
 fake.rf 1440.00000000 50642.89463940364376882 0.10000 7 
 fake.rf 1440.00000000 50657.04641144732264024 0.10000 7 
 fake.rf 1440.00000000 50671.18921742622315563 0.10000 7 
 fake.rf 1440.00000000 50685.25624901235551789 0.10000 7 
 fake.rf 1440.00000000 50698.68853585642836990 0.10000 7 
 fake.rf 1440.00000000 50712.75196490014190331 0.10000 7 
 fake.rf 1440.00000000 50726.89134291855872405 0.10000 7 
 fake.rf 1440.00000000 50740.90879183520821627 0.10000 7 
 fake.rf 1440.00000000 50755.02316176613345888 0.10000 7 
 fake.rf 1440.00000000 50768.55789189891503099 0.10000 7 
 fake.rf 1440.00000000 50782.81376445611174475 0.10000 7 
 fake.rf 1440.00000000 50796.74578055587994641 0.10000 7 
 fake.rf 1440.00000000 50810.84301801950429933 0.10000 7 
 fake.rf 1440.00000000 50824.79175344712804474 0.10000 7 
 fake.rf 1440.00000000 50838.72706345216858281 0.10000 7 
 fake.rf 1440.00000000 50852.19227172900867728 0.10000 7 
 fake.rf 1440.00000000 50866.52868209048807913 0.10000 7 
 fake.rf 1440.00000000 50880.50857274695293953 0.10000 7 
 fake.rf 1440.00000000 50894.56780109706814841 0.10000 7 
 fake.rf 1440.00000000 50908.53668739151720146 0.10000 7 
 fake.rf 1440.00000000 50922.17169923112373908 0.10000 7 
 fake.rf 1440.00000000 50935.99511589743969253 0.10000 7 
 fake.rf 1440.00000000 50950.49239342381802942 0.10000 7 
 fake.rf 1440.00000000 50963.98264293238286271 0.10000 7 
 fake.rf 1440.00000000 50977.94859324029041403 0.10000 7 
 fake.rf 1440.00000000 50992.03089997573093939 0.10000 7 
 fake.rf 1440.00000000 51006.04817844126364079 0.10000 7 
 fake.rf 1440.00000000 51019.96706423428562260 0.10000 7 
 fake.rf 1440.00000000 51034.10804599732855635 0.10000 7 
 fake.rf 1440.00000000 51047.70526225403309439 0.10000 7 
 fake.rf 1440.00000000 51061.81705338830612462 0.10000 7 
 fake.rf 1440.00000000 51076.14131282498508213 0.10000 7 
 fake.rf 1440.00000000 51089.92852712278099503 0.10000 7 
 fake.rf 1440.00000000 51103.55468366684912596 0.10000 7 
 fake.rf 1440.00000000 51117.98420075321891787 0.10000 7 
 fake.rf 1440.00000000 51131.90859464067755269 0.10000 7 
 fake.rf 1440.00000000 51145.63640628947595346 0.10000 7 
 fake.rf 1440.00000000 51159.57686083993472792 0.10000 7 
 fake.rf 1440.00000000 51173.55692970621848303 0.10000 7 
 fake.rf 1440.00000000 51187.43733732786595780 0.10000 7 
 fake.rf 1440.00000000 51201.61741469165033536 0.10000 7 
 fake.rf 1440.00000000 51215.22491556854360795 0.10000 7 
 fake.rf 1440.00000000 51229.74223200539141843 0.10000 7 
 fake.rf 1440.00000000 51243.39110628955721083 0.10000 7 
 fake.rf 1440.00000000 51257.65223525023556661 0.10000 7 
 fake.rf 1440.00000000 51271.47642111218953787 0.10000 7 
 fake.rf 1440.00000000 51285.29539643668566740 0.10000 7 
 fake.rf 1440.00000000 51299.26449514499595494 0.10000 7 
 fake.rf 1440.00000000 51313.10679770389068466 0.10000 7 
 fake.rf 1440.00000000 51327.02322746851960034 0.10000 7 
 fake.rf 1440.00000000 51340.99943854377189112 0.10000 7 
 fake.rf 1440.00000000 51355.18164569596718039 0.10000 7 
 fake.rf 1440.00000000 51368.95971819269591307 0.10000 7 
 fake.rf 1440.00000000 51382.80476613518456119 0.10000 7 
 fake.rf 1440.00000000 51397.18211558684911111 0.10000 7 
 fake.rf 1440.00000000 51410.96436441823498953 0.10000 7 
 fake.rf 1440.00000000 51424.92994520364333511 0.10000 7 
 fake.rf 1440.00000000 51438.69613247330175199 0.10000 7 
 fake.rf 1440.00000000 51453.10215988568899448 0.10000 7 
 fake.rf 1440.00000000 51466.58028181318715255 0.10000 7 
 fake.rf 1440.00000000 51480.64857805059786600 0.10000 7 
 fake.rf 1440.00000000 51494.53795598240098386 0.10000 7 
 fake.rf 1440.00000000 51508.37856348895362757 0.10000 7 
 fake.rf 1440.00000000 51522.93896672886522836 0.10000 7 
 fake.rf 1440.00000000 51536.49272723074922453 0.10000 7 
 fake.rf 1440.00000000 51550.80107792136684708 0.10000 7 
 fake.rf 1440.00000000 51564.65743450529346958 0.10000 7 
 fake.rf 1440.00000000 51578.64389932736022715 0.10000 7 
 fake.rf 1440.00000000 51592.26426395166941319 0.10000 7 
 fake.rf 1440.00000000 51606.13891544969035508 0.10000 7 
 fake.rf 1440.00000000 51620.71068068749639224 0.10000 7 
 fake.rf 1440.00000000 51634.54934870607156228 0.10000 7 
 fake.rf 1440.00000000 51648.06972711676275267 0.10000 7 
 fake.rf 1440.00000000 51662.53036819816769665 0.10000 7 
 fake.rf 1440.00000000 51676.05613659059278220 0.10000 7 
 fake.rf 1440.00000000 51690.54253670587247882 0.10000 7 
 fake.rf 1440.00000000 51704.19892303027081937 0.10000 7 
 fake.rf 1440.00000000 51718.24855946643484828 0.10000 7 
 fake.rf 1440.00000000 51732.07561771345928037 0.10000 7 
 fake.rf 1440.00000000 51746.27919937384415050 0.10000 7 
 fake.rf 1440.00000000 51760.28349160508815885 0.10000 7 
 fake.rf 1440.00000000 51774.12498700709704380 0.10000 7 
 fake.rf 1440.00000000 51787.88233517752921742 0.10000 7 
 fake.rf 1440.00000000 51801.70292600599816524 0.10000 7 
 fake.rf 1440.00000000 51816.09436204037521989 0.10000 7 
 fake.rf 1440.00000000 51829.60061906120699859 0.10000 7 
 fake.rf 1440.00000000 51843.90835142548804271 0.10000 7 
 fake.rf 1440.00000000 51857.63692768363410934 0.10000 7 
 fake.rf 1440.00000000 51871.61426473398647374 0.10000 7 
 fake.rf 1440.00000000 51885.69958388166934071 0.10000 7 
 fake.rf 1440.00000000 51899.61117486323199799 0.10000 7 
 fake.rf 1440.00000000 51913.69503417042943028 0.10000 7 
 fake.rf 1440.00000000 51927.70795730348017472 0.10000 7 
 fake.rf 1440.00000000 51941.49838183355414856 0.10000 7 
 fake.rf 1440.00000000 51955.51420385562726878 0.10000 7 
 fake.rf 1440.00000000 51969.11911352553901722 0.10000 7 
 fake.rf 1440.00000000 51983.25611482061325574 0.10000 7 
 fake.rf 1440.00000000 51997.16651946611646196 0.10000 7 
 fake.rf 1440.00000000 52011.46278672658137410 0.10000 7 
 fake.rf 1440.00000000 52025.25837871277857616 0.10000 7 
 fake.rf 1440.00000000 52039.08166093998438129 0.10000 7 
 fake.rf 1440.00000000 52053.32125276597025376 0.10000 7 
 fake.rf 1440.00000000 52066.99373884690522019 0.10000 7 
 fake.rf 1440.00000000 52081.04229221862756916 0.10000 7 
 fake.rf 1440.00000000 52095.11408459944038896 0.10000 7 
 fake.rf 1440.00000000 52109.01723179297506405 0.10000 7 
 fake.rf 1440.00000000 52122.92374472801018115 0.10000 7 
 fake.rf 1440.00000000 52136.69014947103324076 0.10000 7 
 fake.rf 1440.00000000 52150.68115915439470243 0.10000 7 
 fake.rf 1440.00000000 52165.11962301763401584 0.10000 7 
 fake.rf 1440.00000000 52179.12783546259999667 0.10000 7 
 fake.rf 1440.00000000 52193.16136343294443378 0.10000 7 
 fake.rf 1440.00000000 52206.81288212237269164 0.10000 7 
 fake.rf 1440.00000000 52220.61666883681408180 0.10000 7 
 fake.rf 1440.00000000 52234.50901367965333222 0.10000 7 
 fake.rf 1440.00000000 52248.59019450808709806 0.10000 7 
 fake.rf 1440.00000000 52262.60513098856973713 0.10000 7 
 fake.rf 1440.00000000 52276.84343429780368595 0.10000 7 
 fake.rf 1440.00000000 52290.69141744157752427 0.10000 7 
 fake.rf 1440.00000000 52304.72191694081599778 0.10000 7 
 fake.rf 1440.00000000 52318.41709883128628178 0.10000 7 
 fake.rf 1440.00000000 52332.21489903101581831 0.10000 7 
 fake.rf 1440.00000000 52346.36748393136056734 0.10000 7 
 fake.rf 1440.00000000 52360.11381501094822255 0.10000 7 
 fake.rf 1440.00000000 52374.40693241548580517 0.10000 7 
 fake.rf 1440.00000000 52388.61356547804939154 0.10000 7 
 fake.rf 1440.00000000 52402.00303227799507155 0.10000 7 
 fake.rf 1440.00000000 52416.47137705216533021 0.10000 7 
 fake.rf 1440.00000000 52429.95997416842551431 0.10000 7 
 fake.rf 1440.00000000 52444.35060096843717048 0.10000 7 
 fake.rf 1440.00000000 52457.98609709924340905 0.10000 7 
 fake.rf 1440.00000000 52472.00286914289373286 0.10000 7 
 fake.rf 1440.00000000 52486.00464720602437652 0.10000 7 
 fake.rf 1440.00000000 52500.01752215177584660 0.10000 7 
 fake.rf 1440.00000000 52514.12107364643025420 0.10000 7 
 fake.rf 1440.00000000 52528.23287010515606710 0.10000 7 
 fake.rf 1440.00000000 52542.18711832244733984 0.10000 7 
 fake.rf 1440.00000000 52555.56874212092958842 0.10000 7 
 fake.rf 1440.00000000 52569.48516944367241521 0.10000 7 
 fake.rf 1440.00000000 52583.46865334191286578 0.10000 7 
 fake.rf 1440.00000000 52597.99363382346688311 0.10000 7 
 fake.rf 1440.00000000 52611.95649962588464987 0.10000 7 
 fake.rf 1440.00000000 52625.34507093813545708 0.10000 7 
 fake.rf 1440.00000000 52639.55979614297194402 0.10000 7 
 fake.rf 1440.00000000 52653.36467475325108012 0.10000 7 
 fake.rf 1440.00000000 52667.35048367361202182 0.10000 7 
 fake.rf 1440.00000000 52681.68461574020680160 0.10000 7 
 fake.rf 1440.00000000 52695.54265681468929472 0.10000 7 
 fake.rf 1440.00000000 52709.13832845703517194 0.10000 7 
 fake.rf 1440.00000000 52723.35866974801962570 0.10000 7 
 fake.rf 1440.00000000 52737.28543646068681028 0.10000 7 
 fake.rf 1440.00000000 52751.28118270118443789 0.10000 7 
 fake.rf 1440.00000000 52765.33755018986022733 0.10000 7 
 fake.rf 1440.00000000 52779.45512792616331055 0.10000 7 
 fake.rf 1440.00000000 52793.23543134071709915 0.10000 7 
 fake.rf 1440.00000000 52806.95647563506446076 0.10000 7 
 fake.rf 1440.00000000 52821.31891245340105101 0.10000 7 
 fake.rf 1440.00000000 52835.19357539297159931 0.10000 7 
 fake.rf 1440.00000000 52848.75452389990536162 0.10000 7 
 fake.rf 1440.00000000 52863.31045052456466493 0.10000 7 
 fake.rf 1440.00000000 52876.94729963384311944 0.10000 7 
 fake.rf 1440.00000000 52890.84863705064455885 0.10000 7 
 fake.rf 1440.00000000 52904.79289513758649477 0.10000 7 
 fake.rf 1440.00000000 52919.13641507115795903 0.10000 7 
 fake.rf 1440.00000000 52933.08885340438722267 0.10000 7 
 fake.rf 1440.00000000 52946.50822247676473609 0.10000 7 
 fake.rf 1440.00000000 52961.00176492187255306 0.10000 7 
 fake.rf 1440.00000000 52974.94667751410636214 0.10000 7 
 fake.rf 1440.00000000 52988.45256313387687896 0.10000 7 
 fake.rf 1440.00000000 53002.90075897022515150 0.10000 7 
