FORMAT 1
 fake.rf 1440.00000000 50001.15146805957889953 0.10000 7 
 fake.rf 1440.00000000 50014.55389352262775660 0.10000 7 
 fake.rf 1440.00000000 50029.00318122422852696 0.10000 7 
 fake.rf 1440.00000000 50043.06326788219645252 0.10000 7 
 fake.rf 1440.00000000 50056.71864458479814175 0.10000 7 
 fake.rf 1440.00000000 50070.34437026700006967 0.10000 7 
 fake.rf 1440.00000000 50084.42849192285412840 0.10000 7 
 fake.rf 1440.00000000 50098.45622678743516687 0.10000 7 
 fake.rf 1440.00000000 50112.64488629456587176 0.10000 7 
 fake.rf 1440.00000000 50126.36290561380366881 0.10000 7 
 fake.rf 1440.00000000 50140.64920784220673866 0.10000 7 
 fake.rf 1440.00000000 50154.13619343986918508 0.10000 7 
 fake.rf 1440.00000000 50168.55485176638562450 0.10000 7 
 fake.rf 1440.00000000 50182.26908091378534138 0.10000 7 
 fake.rf 1440.00000000 50196.57853696276734112 0.10000 7 
 fake.rf 1440.00000000 50210.14905807002051219 0.10000 7 
 fake.rf 1440.00000000 50224.28922427337625223 0.10000 7 
 fake.rf 1440.00000000 50238.33267655556576159 0.10000 7 
 fake.rf 1440.00000000 50252.48275331365439555 0.10000 7 
 fake.rf 1440.00000000 50266.22209409094767807 0.10000 7 
 fake.rf 1440.00000000 50280.19303241552721317 0.10000 7 
 fake.rf 1440.00000000 50294.01818433665936325 0.10000 7 
 fake.rf 1440.00000000 50307.69708853670807258 0.10000 7 
 fake.rf 1440.00000000 50322.31717776338142301 0.10000 7 
 fake.rf 1440.00000000 50335.85740899405881876 0.10000 7 
 fake.rf 1440.00000000 50350.19364428816408008 0.10000 7 
 fake.rf 1440.00000000 50363.60466194889622571 0.10000 7 
 fake.rf 1440.00000000 50377.67666170298673123 0.10000 7 
 fake.rf 1440.00000000 50391.99603564052637950 0.10000 7 
 fake.rf 1440.00000000 50405.61783164987757999 0.10000 7 
 fake.rf 1440.00000000 50419.50958662339931138 0.10000 7 
 fake.rf 1440.00000000 50433.83380924922788680 0.10000 7 
 fake.rf 1440.00000000 50447.56292345211441841 0.10000 7 
 fake.rf 1440.00000000 50461.27552553206489350 0.10000 7 
 fake.rf 1440.00000000 50475.69806086678633505 0.10000 7 
 fake.rf 1440.00000000 50489.78744450863647586 0.10000 7 
 fake.rf 1440.00000000 50503.16399832120028535 0.10000 7 
 fake.rf 1440.00000000 50517.70888137064190460 0.10000 7 
 fake.rf 1440.00000000 50531.19755928819208535 0.10000 7 
 fake.rf 1440.00000000 50545.46766536760636868 0.10000 7 
 fake.rf 1440.00000000 50559.10212710970518657 0.10000 7 
 fake.rf 1440.00000000 50573.58200000243206773 0.10000 7 
 fake.rf 1440.00000000 50587.37731771676887149 0.10000 7 
 fake.rf 1440.00000000 50601.46866385114591935 0.10000 7 
 fake.rf 1440.00000000 50615.03432532250898035 0.10000 7 
 fake.rf 1440.00000000 50629.17732515544201632 0.10000 7 
 fake.rf 1440.00000000 50642.87741846407719493 0.10000 7 
 fake.rf 1440.00000000 50657.28813883016087871 0.10000 7 
 fake.rf 1440.00000000 50670.84615039256081559 0.10000 7 
 fake.rf 1440.00000000 50684.73454647648501492 0.10000 7 
 fake.rf 1440.00000000 50698.92283372932588392 0.10000 7 
 fake.rf 1440.00000000 50713.15667636696095499 0.10000 7 
 fake.rf 1440.00000000 50726.90845042208898619 0.10000 7 
 fake.rf 1440.00000000 50740.81386790464128822 0.10000 7 
 fake.rf 1440.00000000 50755.03935920053844200 0.10000 7 
 fake.rf 1440.00000000 50769.03625720080409423 0.10000 7 
 fake.rf 1440.00000000 50782.64946941681966308 0.10000 7 
 fake.rf 1440.00000000 50796.99087106022135529 0.10000 7 
 fake.rf 1440.00000000 50810.43132822836519225 0.10000 7 
 fake.rf 1440.00000000 50824.40214047156988642 0.10000 7 
 fake.rf 1440.00000000 50838.40356420293698392 0.10000 7 
 fake.rf 1440.00000000 50852.44066906293797103 0.10000 7 
 fake.rf 1440.00000000 50866.77392995772247630 0.10000 7 
 fake.rf 1440.00000000 50880.54269399627836279 0.10000 7 
 fake.rf 1440.00000000 50894.33062700037935500 0.10000 7 
 fake.rf 1440.00000000 50908.45798259733056668 0.10000 7 
 fake.rf 1440.00000000 50922.35435636362904432 0.10000 7 
 fake.rf 1440.00000000 50936.22373591368377532 0.10000 7 
 fake.rf 1440.00000000 50950.26753398411034368 0.10000 7 
 fake.rf 1440.00000000 50964.35747836623439966 0.10000 7 
 fake.rf 1440.00000000 50977.86852339172632753 0.10000 7 
 fake.rf 1440.00000000 50992.25167591628920150 0.10000 7 
 fake.rf 1440.00000000 51006.19305263488550040 0.10000 7 
 fake.rf 1440.00000000 51020.20430812382892327 0.10000 7 
 fake.rf 1440.00000000 51034.05036618975963236 0.10000 7 
 fake.rf 1440.00000000 51048.26229709828263026 0.10000 7 
 fake.rf 1440.00000000 51061.78811180720828133 0.10000 7 
 fake.rf 1440.00000000 51076.03915589623676041 0.10000 7 
 fake.rf 1440.00000000 51090.03336658932922987 0.10000 7 
 fake.rf 1440.00000000 51103.82208559915984125 0.10000 7 
 fake.rf 1440.00000000 51117.99975186067893418 0.10000 7 
 fake.rf 1440.00000000 51131.55380915426993482 0.10000 7 
 fake.rf 1440.00000000 51145.61459686566610117 0.10000 7 
 fake.rf 1440.00000000 51159.58226326477548440 0.10000 7 
 fake.rf 1440.00000000 51173.74663082834333849 0.10000 7 
 fake.rf 1440.00000000 51187.40446918068335691 0.10000 7 
 fake.rf 1440.00000000 51201.40725967441239419 0.10000 7 
 fake.rf 1440.00000000 51215.22306547928442200 0.10000 7 
 fake.rf 1440.00000000 51229.26053158475826876 0.10000 7 
 fake.rf 1440.00000000 51243.40867195987494398 0.10000 7 
 fake.rf 1440.00000000 51257.23351604654753899 0.10000 7 
 fake.rf 1440.00000000 51271.31063194674178263 0.10000 7 
 fake.rf 1440.00000000 51285.53410329409486224 0.10000 7 
 fake.rf 1440.00000000 51299.06376769254451631 0.10000 7 
 fake.rf 1440.00000000 51312.94787364321561540 0.10000 7 
 fake.rf 1440.00000000 51326.99750406592680463 0.10000 7 
 fake.rf 1440.00000000 51341.35941681411474491 0.10000 7 
 fake.rf 1440.00000000 51355.17812260387692902 0.10000 7 
 fake.rf 1440.00000000 51369.13535863703740603 0.10000 7 
 fake.rf 1440.00000000 51382.91262882856947414 0.10000 7 
 fake.rf 1440.00000000 51396.85950512853275285 0.10000 7 
 fake.rf 1440.00000000 51411.03267890341539470 0.10000 7 
 fake.rf 1440.00000000 51425.23132768516514446 0.10000 7 
 fake.rf 1440.00000000 51439.15780674363108815 0.10000 7 
 fake.rf 1440.00000000 51452.71379541594076201 0.10000 7 
 fake.rf 1440.00000000 51466.79672833008018884 0.10000 7 
 fake.rf 1440.00000000 51480.97336437449567725 0.10000 7 
 fake.rf 1440.00000000 51494.76006047047051339 0.10000 7 
 fake.rf 1440.00000000 51508.46559689032006801 0.10000 7 
 fake.rf 1440.00000000 51522.67466967700601543 0.10000 7 
 fake.rf 1440.00000000 51536.95497752583986895 0.10000 7 
 fake.rf 1440.00000000 51550.87640627010887329 0.10000 7 
 fake.rf 1440.00000000 51564.67776245439520366 0.10000 7 
 fake.rf 1440.00000000 51578.39041740685266291 0.10000 7 
 fake.rf 1440.00000000 51592.31773858656564258 0.10000 7 
 fake.rf 1440.00000000 51606.32168837224105928 0.10000 7 
 fake.rf 1440.00000000 51620.39707445489928617 0.10000 7 
 fake.rf 1440.00000000 51634.36541216597525050 0.10000 7 
 fake.rf 1440.00000000 51648.22339383173212823 0.10000 7 
 fake.rf 1440.00000000 51662.37447206362732288 0.10000 7 
 fake.rf 1440.00000000 51676.52917626662435069 0.10000 7 
 fake.rf 1440.00000000 51690.25022807229154154 0.10000 7 
 fake.rf 1440.00000000 51704.51664825970561523 0.10000 7 
 fake.rf 1440.00000000 51718.26638322018533245 0.10000 7 
 fake.rf 1440.00000000 51732.22199215618453039 0.10000 7 
 fake.rf 1440.00000000 51746.41074437673836073 0.10000 7 
 fake.rf 1440.00000000 51760.24833579543471629 0.10000 7 
 fake.rf 1440.00000000 51773.93741690790391274 0.10000 7 
 fake.rf 1440.00000000 51787.98310098216196451 0.10000 7 
 fake.rf 1440.00000000 51801.81615452678743949 0.10000 7 
 fake.rf 1440.00000000 51815.98739851526626410 0.10000 7 
 fake.rf 1440.00000000 51830.01818495495714245 0.10000 7 
 fake.rf 1440.00000000 51844.06263833908736061 0.10000 7 
 fake.rf 1440.00000000 51857.80409052476139919 0.10000 7 
 fake.rf 1440.00000000 51871.79958210518411477 0.10000 7 
 fake.rf 1440.00000000 51885.43825018648654890 0.10000 7 
 fake.rf 1440.00000000 51899.96752808447087091 0.10000 7 
 fake.rf 1440.00000000 51913.51121504362228620 0.10000 7 
 fake.rf 1440.00000000 51927.64147198542428896 0.10000 7 
 fake.rf 1440.00000000 51941.24784568813726793 0.10000 7 
 fake.rf 1440.00000000 51955.70549821019517012 0.10000 7 
 fake.rf 1440.00000000 51969.48762238606821384 0.10000 7 
 fake.rf 1440.00000000 51983.72031755477731352 0.10000 7 
 fake.rf 1440.00000000 51997.35088563713462051 0.10000 7 
 fake.rf 1440.00000000 52011.55055751724695057 0.10000 7 
 fake.rf 1440.00000000 52025.08213328183448354 0.10000 7 
 fake.rf 1440.00000000 52039.42154386198515326 0.10000 7 
 fake.rf 1440.00000000 52053.06816120277912319 0.10000 7 
 fake.rf 1440.00000000 52067.27296742019084519 0.10000 7 
 fake.rf 1440.00000000 52080.84191908397674098 0.10000 7 
 fake.rf 1440.00000000 52095.34450736197525700 0.10000 7 
 fake.rf 1440.00000000 52109.07557720264046353 0.10000 7 
 fake.rf 1440.00000000 52123.07047343587024457 0.10000 7 
 fake.rf 1440.00000000 52137.21104127507368275 0.10000 7 
 fake.rf 1440.00000000 52150.73007213816430294 0.10000 7 
 fake.rf 1440.00000000 52164.71880334538444757 0.10000 7 
 fake.rf 1440.00000000 52179.08634949902611666 0.10000 7 
 fake.rf 1440.00000000 52193.14786456056958741 0.10000 7 
 fake.rf 1440.00000000 52206.86390289199365355 0.10000 7 
 fake.rf 1440.00000000 52220.64869254839747015 0.10000 7 
 fake.rf 1440.00000000 52234.58148714660563527 0.10000 7 
 fake.rf 1440.00000000 52248.50699558966971381 0.10000 7 
 fake.rf 1440.00000000 52262.36079771559419882 0.10000 7 
 fake.rf 1440.00000000 52276.37627179700859159 0.10000 7 
 fake.rf 1440.00000000 52290.74812519310653514 0.10000 7 
 fake.rf 1440.00000000 52304.63564493390131460 0.10000 7 
 fake.rf 1440.00000000 52318.32801316381686974 0.10000 7 
 fake.rf 1440.00000000 52332.60070380750500618 0.10000 7 
 fake.rf 1440.00000000 52346.73680330754331180 0.10000 7 
 fake.rf 1440.00000000 52360.59765452442677969 0.10000 7 
 fake.rf 1440.00000000 52374.51494494952854808 0.10000 7 
 fake.rf 1440.00000000 52388.48025634747446233 0.10000 7 
 fake.rf 1440.00000000 52402.16145783016335002 0.10000 7 
 fake.rf 1440.00000000 52416.34966947727306774 0.10000 7 
 fake.rf 1440.00000000 52429.98377498520984474 0.10000 7 
 fake.rf 1440.00000000 52443.90287444787115234 0.10000 7 
 fake.rf 1440.00000000 52458.32755460785194046 0.10000 7 
 fake.rf 1440.00000000 52472.33929677843158501 0.10000 7 
 fake.rf 1440.00000000 52485.94323959785289446 0.10000 7 
 fake.rf 1440.00000000 52499.94428541564865398 0.10000 7 
 fake.rf 1440.00000000 52514.22987193831419717 0.10000 7 
 fake.rf 1440.00000000 52527.70796249360427055 0.10000 7 
 fake.rf 1440.00000000 52542.14497085275046828 0.10000 7 
 fake.rf 1440.00000000 52555.79701301558757365 0.10000 7 
 fake.rf 1440.00000000 52570.12056413025086954 0.10000 7 
 fake.rf 1440.00000000 52584.11482945744856465 0.10000 7 
 fake.rf 1440.00000000 52597.79382888427089071 0.10000 7 
 fake.rf 1440.00000000 52611.85648558315658008 0.10000 7 
 fake.rf 1440.00000000 52625.95049197001593910 0.10000 7 
 fake.rf 1440.00000000 52639.38375580370512452 0.10000 7 
 fake.rf 1440.00000000 52653.26942820515072441 0.10000 7 
 fake.rf 1440.00000000 52667.33445531554477625 0.10000 7 
 fake.rf 1440.00000000 52681.39812030275257371 0.10000 7 
 fake.rf 1440.00000000 52695.17582091329106575 0.10000 7 
 fake.rf 1440.00000000 52709.29454815889086561 0.10000 7 
 fake.rf 1440.00000000 52723.10162591999865001 0.10000 7 
 fake.rf 1440.00000000 52737.47173902057934569 0.10000 7 
 fake.rf 1440.00000000 52751.32106056582140852 0.10000 7 
 fake.rf 1440.00000000 52765.43905506403505257 0.10000 7 
 fake.rf 1440.00000000 52779.31682701460356100 0.10000 7 
 fake.rf 1440.00000000 52793.06522589995465111 0.10000 7 
 fake.rf 1440.00000000 52807.13873686445938205 0.10000 7 
 fake.rf 1440.00000000 52821.02004627111188029 0.10000 7 
 fake.rf 1440.00000000 52835.15453934073865838 0.10000 7 
 fake.rf 1440.00000000 52848.78782140029354153 0.10000 7 
 fake.rf 1440.00000000 52863.00812902814380934 0.10000 7 
 fake.rf 1440.00000000 52877.09994761729809909 0.10000 7 
 fake.rf 1440.00000000 52891.19613587825570633 0.10000 7 
 fake.rf 1440.00000000 52904.79974510700923318 0.10000 7 
 fake.rf 1440.00000000 52919.20039924829550415 0.10000 7 
 fake.rf 1440.00000000 52932.66919275386393551 0.10000 7 
 fake.rf 1440.00000000 52946.59661456710963279 0.10000 7 
 fake.rf 1440.00000000 52960.51358531895463955 0.10000 7 
 fake.rf 1440.00000000 52974.45761323900895334 0.10000 7 
 fake.rf 1440.00000000 52988.74196994621467027 0.10000 7 
 fake.rf 1440.00000000 53002.35405123357912416 0.10000 7 
