FORMAT 1
 fake.rf 1440.00000000 50000.63572032011097690 0.10000 7 
 fake.rf 1440.00000000 50014.63730254945744491 0.10000 7 
 fake.rf 1440.00000000 50029.01693323345867626 0.10000 7 
 fake.rf 1440.00000000 50043.12568501014534306 0.10000 7 
 fake.rf 1440.00000000 50056.59875703648661727 0.10000 7 
 fake.rf 1440.00000000 50070.90228620388927538 0.10000 7 
 fake.rf 1440.00000000 50084.44762455168804394 0.10000 7 
 fake.rf 1440.00000000 50098.68925439542779898 0.10000 7 
 fake.rf 1440.00000000 50112.80871016491030190 0.10000 7 
 fake.rf 1440.00000000 50126.51100181757756502 0.10000 7 
 fake.rf 1440.00000000 50140.59793549609119268 0.10000 7 
 fake.rf 1440.00000000 50154.45906375174225644 0.10000 7 
 fake.rf 1440.00000000 50168.71556979359698047 0.10000 7 
 fake.rf 1440.00000000 50182.29205723498761316 0.10000 7 
 fake.rf 1440.00000000 50196.06918358098570110 0.10000 7 
 fake.rf 1440.00000000 50210.11231447942243022 0.10000 7 
 fake.rf 1440.00000000 50224.46720566885865722 0.10000 7 
 fake.rf 1440.00000000 50238.16386755986074064 0.10000 7 
 fake.rf 1440.00000000 50252.37971746074013879 0.10000 7 
 fake.rf 1440.00000000 50266.40611676371399241 0.10000 7 
 fake.rf 1440.00000000 50280.36131237782070613 0.10000 7 
 fake.rf 1440.00000000 50294.04054028453545655 0.10000 7 
 fake.rf 1440.00000000 50308.20135399218783689 0.10000 7 
 fake.rf 1440.00000000 50321.79838489618014563 0.10000 7 
 fake.rf 1440.00000000 50335.91649308319082934 0.10000 7 
 fake.rf 1440.00000000 50350.25099291961936032 0.10000 7 
 fake.rf 1440.00000000 50363.81367168562214331 0.10000 7 
 fake.rf 1440.00000000 50377.88697657154398257 0.10000 7 
 fake.rf 1440.00000000 50391.53706383335578423 0.10000 7 
 fake.rf 1440.00000000 50406.08899200708141208 0.10000 7 
 fake.rf 1440.00000000 50419.81260435795785924 0.10000 7 
 fake.rf 1440.00000000 50433.47743701454279375 0.10000 7 
 fake.rf 1440.00000000 50447.40250675268184466 0.10000 7 
 fake.rf 1440.00000000 50461.54397578352748610 0.10000 7 
 fake.rf 1440.00000000 50475.35578628997305728 0.10000 7 
 fake.rf 1440.00000000 50489.45882094728803580 0.10000 7 
 fake.rf 1440.00000000 50503.27537854190164879 0.10000 7 
 fake.rf 1440.00000000 50517.33742003188470093 0.10000 7 
 fake.rf 1440.00000000 50531.72031060112831824 0.10000 7 
 fake.rf 1440.00000000 50545.69455000176447257 0.10000 7 
 fake.rf 1440.00000000 50559.49710937104831032 0.10000 7 
 fake.rf 1440.00000000 50573.33849285463717749 0.10000 7 
 fake.rf 1440.00000000 50587.21208666262194953 0.10000 7 
 fake.rf 1440.00000000 50601.30937806015375813 0.10000 7 
 fake.rf 1440.00000000 50615.43214172718965926 0.10000 7 
 fake.rf 1440.00000000 50629.12108804168587994 0.10000 7 
 fake.rf 1440.00000000 50643.29973627085436050 0.10000 7 
 fake.rf 1440.00000000 50657.14895056037204313 0.10000 7 
 fake.rf 1440.00000000 50671.23945146973827747 0.10000 7 
 fake.rf 1440.00000000 50685.00550907452355176 0.10000 7 
 fake.rf 1440.00000000 50698.91934866828597350 0.10000 7 
 fake.rf 1440.00000000 50713.00327138047826381 0.10000 7 
 fake.rf 1440.00000000 50727.15344961633177689 0.10000 7 
 fake.rf 1440.00000000 50740.59966231260826675 0.10000 7 
 fake.rf 1440.00000000 50754.98550859119023215 0.10000 7 
 fake.rf 1440.00000000 50768.62535440386213637 0.10000 7 
 fake.rf 1440.00000000 50782.44429303869498327 0.10000 7 
 fake.rf 1440.00000000 50796.43104403340593578 0.10000 7 
 fake.rf 1440.00000000 50810.84908754267277331 0.10000 7 
 fake.rf 1440.00000000 50824.35633950714041163 0.10000 7 
 fake.rf 1440.00000000 50838.93324484351960635 0.10000 7 
 fake.rf 1440.00000000 50852.44646002078546232 0.10000 7 
 fake.rf 1440.00000000 50866.32343737967189057 0.10000 7 
 fake.rf 1440.00000000 50880.19697182950590530 0.10000 7 
 fake.rf 1440.00000000 50894.55654889791083306 0.10000 7 
 fake.rf 1440.00000000 50908.28356272904812840 0.10000 7 
 fake.rf 1440.00000000 50922.29835791002641088 0.10000 7 
 fake.rf 1440.00000000 50936.51271856840464380 0.10000 7 
 fake.rf 1440.00000000 50950.34000011156085108 0.10000 7 
 fake.rf 1440.00000000 50964.10924511316300922 0.10000 7 
 fake.rf 1440.00000000 50978.33607135890010653 0.10000 7 
 fake.rf 1440.00000000 50992.00413816272597245 0.10000 7 
 fake.rf 1440.00000000 51006.31965947166742481 0.10000 7 
 fake.rf 1440.00000000 51019.79163894919183164 0.10000 7 
 fake.rf 1440.00000000 51034.26188987959394083 0.10000 7 
 fake.rf 1440.00000000 51048.07173417989194064 0.10000 7 
 fake.rf 1440.00000000 51061.93755284008802420 0.10000 7 
 fake.rf 1440.00000000 51075.95801130425247294 0.10000 7 
 fake.rf 1440.00000000 51089.65529591414823329 0.10000 7 
 fake.rf 1440.00000000 51103.64984154655596882 0.10000 7 
 fake.rf 1440.00000000 51118.14125044605313164 0.10000 7 
 fake.rf 1440.00000000 51131.79060077203037693 0.10000 7 
 fake.rf 1440.00000000 51145.90729513153578623 0.10000 7 
 fake.rf 1440.00000000 51159.92044163437755699 0.10000 7 
 fake.rf 1440.00000000 51173.72089736276232230 0.10000 7 
 fake.rf 1440.00000000 51187.59499741387543281 0.10000 7 
 fake.rf 1440.00000000 51201.95288250033082278 0.10000 7 
 fake.rf 1440.00000000 51215.61050296180034636 0.10000 7 
 fake.rf 1440.00000000 51229.50958001145765763 0.10000 7 
 fake.rf 1440.00000000 51243.65706805771974786 0.10000 7 
 fake.rf 1440.00000000 51257.52683314346388244 0.10000 7 
 fake.rf 1440.00000000 51271.37437499882057779 0.10000 7 
 fake.rf 1440.00000000 51285.07330433338317732 0.10000 7 
 fake.rf 1440.00000000 51299.52493942862605891 0.10000 7 
 fake.rf 1440.00000000 51313.28424190944097205 0.10000 7 
 fake.rf 1440.00000000 51327.38097417416222257 0.10000 7 
 fake.rf 1440.00000000 51340.93118259815629756 0.10000 7 
 fake.rf 1440.00000000 51355.41017299215668857 0.10000 7 
 fake.rf 1440.00000000 51369.09282542968485430 0.10000 7 
 fake.rf 1440.00000000 51383.17520802457250539 0.10000 7 
 fake.rf 1440.00000000 51396.79500279341258917 0.10000 7 
 fake.rf 1440.00000000 51410.74270753554131730 0.10000 7 
 fake.rf 1440.00000000 51425.19804969319707411 0.10000 7 
 fake.rf 1440.00000000 51439.17159184216327716 0.10000 7 
 fake.rf 1440.00000000 51452.62950216122559155 0.10000 7 
 fake.rf 1440.00000000 51466.92665463324478736 0.10000 7 
 fake.rf 1440.00000000 51480.74826700821737191 0.10000 7 
 fake.rf 1440.00000000 51494.77688881540773735 0.10000 7 
 fake.rf 1440.00000000 51508.46605919131053852 0.10000 7 
 fake.rf 1440.00000000 51522.68984893199758091 0.10000 7 
 fake.rf 1440.00000000 51536.75124245963194269 0.10000 7 
 fake.rf 1440.00000000 51550.97004775691251766 0.10000 7 
 fake.rf 1440.00000000 51564.88141395827849678 0.10000 7 
 fake.rf 1440.00000000 51578.43106103923918582 0.10000 7 
 fake.rf 1440.00000000 51592.70123910214051932 0.10000 7 
 fake.rf 1440.00000000 51606.45128709566869318 0.10000 7 
 fake.rf 1440.00000000 51620.57992693972103737 0.10000 7 
 fake.rf 1440.00000000 51634.57954936147874747 0.10000 7 
 fake.rf 1440.00000000 51648.69211054199152855 0.10000 7 
 fake.rf 1440.00000000 51662.09138685491057075 0.10000 7 
 fake.rf 1440.00000000 51676.27672351225945491 0.10000 7 
 fake.rf 1440.00000000 51690.29727584257233630 0.10000 7 
 fake.rf 1440.00000000 51704.24898681118876098 0.10000 7 
 fake.rf 1440.00000000 51718.17147869157576423 0.10000 7 
 fake.rf 1440.00000000 51732.01522561781855813 0.10000 7 
 fake.rf 1440.00000000 51746.43113162168686969 0.10000 7 
 fake.rf 1440.00000000 51759.82191547002703658 0.10000 7 
 fake.rf 1440.00000000 51773.92076353089146679 0.10000 7 
 fake.rf 1440.00000000 51788.18721923840717025 0.10000 7 
 fake.rf 1440.00000000 51801.96554807889938132 0.10000 7 
 fake.rf 1440.00000000 51816.18500495843057152 0.10000 7 
 fake.rf 1440.00000000 51830.10948139939809920 0.10000 7 
 fake.rf 1440.00000000 51843.87374113657601171 0.10000 7 
 fake.rf 1440.00000000 51857.92009948583347878 0.10000 7 
 fake.rf 1440.00000000 51871.85634424909318696 0.10000 7 
 fake.rf 1440.00000000 51885.78340702876300838 0.10000 7 
 fake.rf 1440.00000000 51899.49847733119716864 0.10000 7 
 fake.rf 1440.00000000 51913.96122705988319268 0.10000 7 
 fake.rf 1440.00000000 51927.95513760682010940 0.10000 7 
 fake.rf 1440.00000000 51941.39760441605140784 0.10000 7 
 fake.rf 1440.00000000 51955.45570346781660831 0.10000 7 
 fake.rf 1440.00000000 51969.54923348018883900 0.10000 7 
 fake.rf 1440.00000000 51983.24873173912253321 0.10000 7 
 fake.rf 1440.00000000 51997.25642298410945585 0.10000 7 
 fake.rf 1440.00000000 52011.60449288562260861 0.10000 7 
 fake.rf 1440.00000000 52025.61239511410977343 0.10000 7 
 fake.rf 1440.00000000 52039.40836040328575862 0.10000 7 
 fake.rf 1440.00000000 52053.25662962246492071 0.10000 7 
 fake.rf 1440.00000000 52067.30238049390029431 0.10000 7 
 fake.rf 1440.00000000 52081.24913306923584955 0.10000 7 
 fake.rf 1440.00000000 52095.20157129897685522 0.10000 7 
 fake.rf 1440.00000000 52109.47088473670588371 0.10000 7 
 fake.rf 1440.00000000 52122.80974907397909845 0.10000 7 
 fake.rf 1440.00000000 52136.75212417885334659 0.10000 7 
 fake.rf 1440.00000000 52150.98215587995210996 0.10000 7 
 fake.rf 1440.00000000 52164.86965982663736696 0.10000 7 
 fake.rf 1440.00000000 52179.26616703881201431 0.10000 7 
 fake.rf 1440.00000000 52192.92520841933193410 0.10000 7 
 fake.rf 1440.00000000 52206.94978659883064509 0.10000 7 
 fake.rf 1440.00000000 52220.98430886961416775 0.10000 7 
 fake.rf 1440.00000000 52235.12657199676556630 0.10000 7 
 fake.rf 1440.00000000 52248.74216618966908499 0.10000 7 
 fake.rf 1440.00000000 52262.73939109138476056 0.10000 7 
 fake.rf 1440.00000000 52276.68413995729269672 0.10000 7 
 fake.rf 1440.00000000 52290.38431880506625760 0.10000 7 
 fake.rf 1440.00000000 52304.35601432081149653 0.10000 7 
 fake.rf 1440.00000000 52318.26605214651405973 0.10000 7 
 fake.rf 1440.00000000 52332.38619393354904119 0.10000 7 
 fake.rf 1440.00000000 52346.19219873044341895 0.10000 7 
 fake.rf 1440.00000000 52360.13437308618475896 0.10000 7 
 fake.rf 1440.00000000 52374.40187437756583222 0.10000 7 
 fake.rf 1440.00000000 52388.30420424473001972 0.10000 7 
 fake.rf 1440.00000000 52402.37813470292214646 0.10000 7 
 fake.rf 1440.00000000 52416.38336032732902581 0.10000 7 
 fake.rf 1440.00000000 52430.33160749058571071 0.10000 7 
 fake.rf 1440.00000000 52444.12516729264887871 0.10000 7 
 fake.rf 1440.00000000 52458.17652138173624365 0.10000 7 
 fake.rf 1440.00000000 52471.95895976841547537 0.10000 7 
 fake.rf 1440.00000000 52486.30568153243018514 0.10000 7 
 fake.rf 1440.00000000 52499.77434573542544882 0.10000 7 
 fake.rf 1440.00000000 52514.20842960904650454 0.10000 7 
 fake.rf 1440.00000000 52527.87914883585414927 0.10000 7 
 fake.rf 1440.00000000 52541.65535278275680042 0.10000 7 
 fake.rf 1440.00000000 52556.13319358628364597 0.10000 7 
 fake.rf 1440.00000000 52569.78451405202835289 0.10000 7 
 fake.rf 1440.00000000 52583.82897557400197996 0.10000 7 
 fake.rf 1440.00000000 52597.56587976275173446 0.10000 7 
 fake.rf 1440.00000000 52611.65193357149309250 0.10000 7 
 fake.rf 1440.00000000 52626.06032934724376915 0.10000 7 
 fake.rf 1440.00000000 52639.86003768393480939 0.10000 7 
 fake.rf 1440.00000000 52653.35217315688945305 0.10000 7 
 fake.rf 1440.00000000 52667.94105798398374318 0.10000 7 
 fake.rf 1440.00000000 52681.39458678602051478 0.10000 7 
 fake.rf 1440.00000000 52695.58883984830119473 0.10000 7 
 fake.rf 1440.00000000 52709.49403301747182127 0.10000 7 
 fake.rf 1440.00000000 52723.35263321469721731 0.10000 7 
 fake.rf 1440.00000000 52737.55680794159320968 0.10000 7 
 fake.rf 1440.00000000 52751.41026485329163265 0.10000 7 
 fake.rf 1440.00000000 52765.42723307939595401 0.10000 7 
 fake.rf 1440.00000000 52779.47563864315251081 0.10000 7 
 fake.rf 1440.00000000 52793.30949598165787506 0.10000 7 
 fake.rf 1440.00000000 52806.96552490541213132 0.10000 7 
 fake.rf 1440.00000000 52820.95448637765611721 0.10000 7 
 fake.rf 1440.00000000 52834.90050021197549057 0.10000 7 
 fake.rf 1440.00000000 52849.26664759640106794 0.10000 7 
 fake.rf 1440.00000000 52863.24208224200319250 0.10000 7 
 fake.rf 1440.00000000 52877.01988196585289970 0.10000 7 
 fake.rf 1440.00000000 52890.80894272531955380 0.10000 7 
 fake.rf 1440.00000000 52905.27170854560477764 0.10000 7 
 fake.rf 1440.00000000 52918.76778949117265327 0.10000 7 
 fake.rf 1440.00000000 52932.73040729867892296 0.10000 7 
 fake.rf 1440.00000000 52946.99881616767378034 0.10000 7 
 fake.rf 1440.00000000 52960.87050917611418299 0.10000 7 
 fake.rf 1440.00000000 52974.64755689010874562 0.10000 7 
 fake.rf 1440.00000000 52988.76536609219878926 0.10000 7 
 fake.rf 1440.00000000 53002.99327232628095885 0.10000 7 
