FORMAT 1
 fake.rf 1440.00000000 50001.15971621260604607 0.10000 7 
 fake.rf 1440.00000000 50015.05265568549585709 0.10000 7 
 fake.rf 1440.00000000 50028.73817506251482712 0.10000 7 
 fake.rf 1440.00000000 50043.04453211509821742 0.10000 7 
 fake.rf 1440.00000000 50056.77540605421030051 0.10000 7 
 fake.rf 1440.00000000 50070.65795358344291088 0.10000 7 
 fake.rf 1440.00000000 50084.92475499298926067 0.10000 7 
 fake.rf 1440.00000000 50098.81405040314044896 0.10000 7 
 fake.rf 1440.00000000 50112.92907704085866527 0.10000 7 
 fake.rf 1440.00000000 50126.47263102098992249 0.10000 7 
 fake.rf 1440.00000000 50140.25875272672752914 0.10000 7 
 fake.rf 1440.00000000 50154.61618011968432995 0.10000 7 
 fake.rf 1440.00000000 50168.71808380617793688 0.10000 7 
 fake.rf 1440.00000000 50182.55939975011454734 0.10000 7 
 fake.rf 1440.00000000 50196.33679206844485776 0.10000 7 
 fake.rf 1440.00000000 50210.31077920105569135 0.10000 7 
 fake.rf 1440.00000000 50224.51301681968753243 0.10000 7 
 fake.rf 1440.00000000 50238.31759665776734280 0.10000 7 
 fake.rf 1440.00000000 50252.27582378659213447 0.10000 7 
 fake.rf 1440.00000000 50266.21576807003270915 0.10000 7 
 fake.rf 1440.00000000 50280.03400859882016150 0.10000 7 
 fake.rf 1440.00000000 50294.47492825408515316 0.10000 7 
 fake.rf 1440.00000000 50308.24215942924021761 0.10000 7 
 fake.rf 1440.00000000 50321.89472512718056407 0.10000 7 
 fake.rf 1440.00000000 50335.86995178704967202 0.10000 7 
 fake.rf 1440.00000000 50350.30469343192124398 0.10000 7 
 fake.rf 1440.00000000 50364.26389421994579010 0.10000 7 
 fake.rf 1440.00000000 50378.14903985438195022 0.10000 7 
 fake.rf 1440.00000000 50391.73238865606139214 0.10000 7 
 fake.rf 1440.00000000 50405.84762463731735593 0.10000 7 
 fake.rf 1440.00000000 50419.99890251425313892 0.10000 7 
 fake.rf 1440.00000000 50433.48021270421786610 0.10000 7 
 fake.rf 1440.00000000 50447.52661426543265932 0.10000 7 
 fake.rf 1440.00000000 50461.40163759309192315 0.10000 7 
 fake.rf 1440.00000000 50475.89419761660378683 0.10000 7 
 fake.rf 1440.00000000 50489.70969917326936383 0.10000 7 
 fake.rf 1440.00000000 50503.50549607382191653 0.10000 7 
 fake.rf 1440.00000000 50517.63641688627923898 0.10000 7 
 fake.rf 1440.00000000 50531.37943988113004679 0.10000 7 
 fake.rf 1440.00000000 50545.32848952707892565 0.10000 7 
 fake.rf 1440.00000000 50559.70785700330305801 0.10000 7 
 fake.rf 1440.00000000 50573.27522788671188891 0.10000 7 
 fake.rf 1440.00000000 50587.61993098585512740 0.10000 7 
 fake.rf 1440.00000000 50601.47276152129503757 0.10000 7 
 fake.rf 1440.00000000 50615.58634105512127732 0.10000 7 
 fake.rf 1440.00000000 50629.07999588936661084 0.10000 7 
 fake.rf 1440.00000000 50642.94503963071785080 0.10000 7 
 fake.rf 1440.00000000 50657.29908276527276456 0.10000 7 
 fake.rf 1440.00000000 50671.30221023623021281 0.10000 7 
 fake.rf 1440.00000000 50685.16370715218920395 0.10000 7 
 fake.rf 1440.00000000 50698.82925405602588498 0.10000 7 
 fake.rf 1440.00000000 50712.68884805820117734 0.10000 7 
 fake.rf 1440.00000000 50727.02949074208370561 0.10000 7 
 fake.rf 1440.00000000 50741.16716144680499312 0.10000 7 
 fake.rf 1440.00000000 50754.71754728534960677 0.10000 7 
 fake.rf 1440.00000000 50769.07164263293896056 0.10000 7 
 fake.rf 1440.00000000 50783.01561444544297785 0.10000 7 
 fake.rf 1440.00000000 50796.56342708235985839 0.10000 7 
 fake.rf 1440.00000000 50810.84089417336605621 0.10000 7 
 fake.rf 1440.00000000 50824.40644085818189168 0.10000 7 
 fake.rf 1440.00000000 50838.77438217800377629 0.10000 7 
 fake.rf 1440.00000000 50852.57468657360089281 0.10000 7 
 fake.rf 1440.00000000 50866.32643622017998908 0.10000 7 
 fake.rf 1440.00000000 50880.77900511626626567 0.10000 7 
 fake.rf 1440.00000000 50894.49255890899872057 0.10000 7 
 fake.rf 1440.00000000 50908.77509463087903185 0.10000 7 
 fake.rf 1440.00000000 50922.41472449359661923 0.10000 7 
 fake.rf 1440.00000000 50936.62896794478755425 0.10000 7 
 fake.rf 1440.00000000 50950.41398384145221101 0.10000 7 
 fake.rf 1440.00000000 50964.50152947430495942 0.10000 7 
 fake.rf 1440.00000000 50978.03638198268535575 0.10000 7 
 fake.rf 1440.00000000 50992.23899140771015936 0.10000 7 
 fake.rf 1440.00000000 51005.93213397413278543 0.10000 7 
 fake.rf 1440.00000000 51019.84991567871905005 0.10000 7 
 fake.rf 1440.00000000 51033.94358167690935701 0.10000 7 
 fake.rf 1440.00000000 51047.78852980759484126 0.10000 7 
 fake.rf 1440.00000000 51061.90485910433685746 0.10000 7 
 fake.rf 1440.00000000 51075.90179492924982796 0.10000 7 
 fake.rf 1440.00000000 51090.13901231977639128 0.10000 7 
 fake.rf 1440.00000000 51103.63002844174915040 0.10000 7 
 fake.rf 1440.00000000 51118.19335389363813960 0.10000 7 
 fake.rf 1440.00000000 51132.13434418890247812 0.10000 7 
 fake.rf 1440.00000000 51145.52318041986936947 0.10000 7 
 fake.rf 1440.00000000 51159.79870798069408622 0.10000 7 
 fake.rf 1440.00000000 51173.91559511000312810 0.10000 7 
 fake.rf 1440.00000000 51187.55970984052394712 0.10000 7 
 fake.rf 1440.00000000 51201.56089212067606198 0.10000 7 
 fake.rf 1440.00000000 51215.65997714697796894 0.10000 7 
 fake.rf 1440.00000000 51229.55679728245054605 0.10000 7 
 fake.rf 1440.00000000 51243.87367268874602644 0.10000 7 
 fake.rf 1440.00000000 51257.57653050643406090 0.10000 7 
 fake.rf 1440.00000000 51271.21285132779138038 0.10000 7 
 fake.rf 1440.00000000 51285.36825722205484368 0.10000 7 
 fake.rf 1440.00000000 51299.52775738001551531 0.10000 7 
 fake.rf 1440.00000000 51313.65487325121624806 0.10000 7 
 fake.rf 1440.00000000 51327.56205896667474065 0.10000 7 
 fake.rf 1440.00000000 51341.37565419308120340 0.10000 7 
 fake.rf 1440.00000000 51355.18062601230529651 0.10000 7 
 fake.rf 1440.00000000 51369.34028125585926006 0.10000 7 
 fake.rf 1440.00000000 51382.97711850696656910 0.10000 7 
 fake.rf 1440.00000000 51396.90786199836764681 0.10000 7 
 fake.rf 1440.00000000 51411.30726243209117499 0.10000 7 
 fake.rf 1440.00000000 51425.18493519520585977 0.10000 7 
 fake.rf 1440.00000000 51438.84704730877147938 0.10000 7 
 fake.rf 1440.00000000 51453.20245549346750380 0.10000 7 
 fake.rf 1440.00000000 51467.21202037405888774 0.10000 7 
 fake.rf 1440.00000000 51480.75730664984125795 0.10000 7 
 fake.rf 1440.00000000 51494.60060352743078127 0.10000 7 
 fake.rf 1440.00000000 51508.64533030012893278 0.10000 7 
 fake.rf 1440.00000000 51522.46606000833025263 0.10000 7 
 fake.rf 1440.00000000 51536.50526575496344961 0.10000 7 
 fake.rf 1440.00000000 51550.48487741218876579 0.10000 7 
 fake.rf 1440.00000000 51564.95149018702112897 0.10000 7 
 fake.rf 1440.00000000 51578.41775820527402274 0.10000 7 
 fake.rf 1440.00000000 51592.71112350116302991 0.10000 7 
 fake.rf 1440.00000000 51606.66618274646424069 0.10000 7 
 fake.rf 1440.00000000 51620.48145824410332949 0.10000 7 
 fake.rf 1440.00000000 51634.81423190090612962 0.10000 7 
 fake.rf 1440.00000000 51648.23993559265805331 0.10000 7 
 fake.rf 1440.00000000 51662.65692387653454176 0.10000 7 
 fake.rf 1440.00000000 51676.67813242693394571 0.10000 7 
 fake.rf 1440.00000000 51690.51158662227157237 0.10000 7 
 fake.rf 1440.00000000 51704.60312187737494938 0.10000 7 
 fake.rf 1440.00000000 51718.15129562641742922 0.10000 7 
 fake.rf 1440.00000000 51732.18247612367970945 0.10000 7 
 fake.rf 1440.00000000 51746.43935321879742872 0.10000 7 
 fake.rf 1440.00000000 51759.93293879589840856 0.10000 7 
 fake.rf 1440.00000000 51773.81594059833922472 0.10000 7 
 fake.rf 1440.00000000 51787.91601558140434847 0.10000 7 
 fake.rf 1440.00000000 51802.27414911114198759 0.10000 7 
 fake.rf 1440.00000000 51815.83221423848860709 0.10000 7 
 fake.rf 1440.00000000 51829.90125880840566452 0.10000 7 
 fake.rf 1440.00000000 51844.03035219766307407 0.10000 7 
 fake.rf 1440.00000000 51858.17098278028491265 0.10000 7 
 fake.rf 1440.00000000 51871.94036551512073530 0.10000 7 
 fake.rf 1440.00000000 51885.79642652774298384 0.10000 7 
 fake.rf 1440.00000000 51899.98484800323226551 0.10000 7 
 fake.rf 1440.00000000 51914.00440973972505176 0.10000 7 
 fake.rf 1440.00000000 51927.74199373052169193 0.10000 7 
 fake.rf 1440.00000000 51941.34670136887974934 0.10000 7 
 fake.rf 1440.00000000 51955.89188561871076288 0.10000 7 
 fake.rf 1440.00000000 51969.70690133554049694 0.10000 7 
 fake.rf 1440.00000000 51983.32944676629379188 0.10000 7 
 fake.rf 1440.00000000 51997.71280312410182134 0.10000 7 
 fake.rf 1440.00000000 52011.69897962909679734 0.10000 7 
 fake.rf 1440.00000000 52025.65311636403292184 0.10000 7 
 fake.rf 1440.00000000 52039.36309141461626382 0.10000 7 
 fake.rf 1440.00000000 52053.20276948197631839 0.10000 7 
 fake.rf 1440.00000000 52067.52790595048448097 0.10000 7 
 fake.rf 1440.00000000 52081.36847743410143963 0.10000 7 
 fake.rf 1440.00000000 52094.99670317777720641 0.10000 7 
 fake.rf 1440.00000000 52109.38127421587250865 0.10000 7 
 fake.rf 1440.00000000 52123.09352596894516196 0.10000 7 
 fake.rf 1440.00000000 52136.85151303185838501 0.10000 7 
 fake.rf 1440.00000000 52150.82248396282139424 0.10000 7 
 fake.rf 1440.00000000 52165.27080886535381765 0.10000 7 
 fake.rf 1440.00000000 52179.32389912511854746 0.10000 7 
 fake.rf 1440.00000000 52192.82668172003041462 0.10000 7 
 fake.rf 1440.00000000 52207.19623446333428163 0.10000 7 
 fake.rf 1440.00000000 52220.72095913767215691 0.10000 7 
 fake.rf 1440.00000000 52234.62010130146124354 0.10000 7 
 fake.rf 1440.00000000 52248.58594523462394932 0.10000 7 
 fake.rf 1440.00000000 52262.88460716248944493 0.10000 7 
 fake.rf 1440.00000000 52276.95106879578078818 0.10000 7 
 fake.rf 1440.00000000 52290.42910266731837154 0.10000 7 
 fake.rf 1440.00000000 52304.53537348302680243 0.10000 7 
 fake.rf 1440.00000000 52318.49612219979117000 0.10000 7 
 fake.rf 1440.00000000 52332.86747029344456195 0.10000 7 
 fake.rf 1440.00000000 52346.36486226133447630 0.10000 7 
 fake.rf 1440.00000000 52360.76808761612059584 0.10000 7 
 fake.rf 1440.00000000 52374.78236947381529731 0.10000 7 
 fake.rf 1440.00000000 52388.19650506201498530 0.10000 7 
 fake.rf 1440.00000000 52402.45297229044532727 0.10000 7 
 fake.rf 1440.00000000 52416.12802557842088547 0.10000 7 
 fake.rf 1440.00000000 52430.63041021700458799 0.10000 7 
 fake.rf 1440.00000000 52444.24461335424546959 0.10000 7 
 fake.rf 1440.00000000 52457.91202946879074176 0.10000 7 
 fake.rf 1440.00000000 52472.16261521825012437 0.10000 7 
 fake.rf 1440.00000000 52486.32138914677002006 0.10000 7 
 fake.rf 1440.00000000 52500.35216783861339351 0.10000 7 
 fake.rf 1440.00000000 52513.81488445067996196 0.10000 7 
 fake.rf 1440.00000000 52528.30677680764073401 0.10000 7 
 fake.rf 1440.00000000 52542.09368595642822086 0.10000 7 
 fake.rf 1440.00000000 52555.97354706367876531 0.10000 7 
 fake.rf 1440.00000000 52570.26165260840538096 0.10000 7 
 fake.rf 1440.00000000 52584.05775870391918048 0.10000 7 
 fake.rf 1440.00000000 52597.75750417139870763 0.10000 7 
 fake.rf 1440.00000000 52612.13692596792100531 0.10000 7 
 fake.rf 1440.00000000 52625.47404075630310061 0.10000 7 
 fake.rf 1440.00000000 52639.58156503284222438 0.10000 7 
 fake.rf 1440.00000000 52653.52393759687848629 0.10000 7 
 fake.rf 1440.00000000 52667.46508721830416277 0.10000 7 
 fake.rf 1440.00000000 52681.57668147213957965 0.10000 7 
 fake.rf 1440.00000000 52695.85594209363206986 0.10000 7 
 fake.rf 1440.00000000 52709.23511276233448086 0.10000 7 
 fake.rf 1440.00000000 52723.52963365961946351 0.10000 7 
 fake.rf 1440.00000000 52737.28672443436946082 0.10000 7 
 fake.rf 1440.00000000 52751.33153657476767506 0.10000 7 
 fake.rf 1440.00000000 52765.36896492576901352 0.10000 7 
 fake.rf 1440.00000000 52779.32834044165507592 0.10000 7 
 fake.rf 1440.00000000 52793.14793730934251315 0.10000 7 
 fake.rf 1440.00000000 52807.23787360691261483 0.10000 7 
 fake.rf 1440.00000000 52821.31627741146467159 0.10000 7 
 fake.rf 1440.00000000 52835.43056754833791544 0.10000 7 
 fake.rf 1440.00000000 52849.23378323277299273 0.10000 7 
 fake.rf 1440.00000000 52863.18613111667645654 0.10000 7 
 fake.rf 1440.00000000 52876.95285045821487557 0.10000 7 
 fake.rf 1440.00000000 52891.12837501218063707 0.10000 7 
 fake.rf 1440.00000000 52904.70286798649521032 0.10000 7 
 fake.rf 1440.00000000 52918.66658730465511695 0.10000 7 
 fake.rf 1440.00000000 52932.91111658966547182 0.10000 7 
 fake.rf 1440.00000000 52946.65321894087064081 0.10000 7 
 fake.rf 1440.00000000 52961.14705673209227399 0.10000 7 
 fake.rf 1440.00000000 52974.55005458815960040 0.10000 7 
 fake.rf 1440.00000000 52988.87691070600194010 0.10000 7 
 fake.rf 1440.00000000 53003.03041349248544734 0.10000 7 
