FORMAT 1
 fake.rf 1440.00000000 50001.19846938710102080 0.10000 7 
 fake.rf 1440.00000000 50015.26329699015845875 0.10000 7 
 fake.rf 1440.00000000 50029.16778104876578936 0.10000 7 
 fake.rf 1440.00000000 50043.11378509868952946 0.10000 7 
 fake.rf 1440.00000000 50056.65769639313225881 0.10000 7 
 fake.rf 1440.00000000 50070.54277899543933117 0.10000 7 
 fake.rf 1440.00000000 50084.46815898298628511 0.10000 7 
 fake.rf 1440.00000000 50098.82855731884559702 0.10000 7 
 fake.rf 1440.00000000 50112.36445996345534226 0.10000 7 
 fake.rf 1440.00000000 50126.37390317673198581 0.10000 7 
 fake.rf 1440.00000000 50140.40038170653676985 0.10000 7 
 fake.rf 1440.00000000 50154.39826800025472053 0.10000 7 
 fake.rf 1440.00000000 50168.49074942513862041 0.10000 7 
 fake.rf 1440.00000000 50182.59288252332360258 0.10000 7 
 fake.rf 1440.00000000 50196.58837013692001250 0.10000 7 
 fake.rf 1440.00000000 50210.53867469052213579 0.10000 7 
 fake.rf 1440.00000000 50224.10230339284632706 0.10000 7 
 fake.rf 1440.00000000 50238.21442092704685578 0.10000 7 
 fake.rf 1440.00000000 50252.31724164342476868 0.10000 7 
 fake.rf 1440.00000000 50266.38897865937235565 0.10000 7 
 fake.rf 1440.00000000 50280.49167008063531625 0.10000 7 
 fake.rf 1440.00000000 50294.39943627753795496 0.10000 7 
 fake.rf 1440.00000000 50308.01825740789135821 0.10000 7 
 fake.rf 1440.00000000 50322.40033456914374099 0.10000 7 
 fake.rf 1440.00000000 50336.31004609952630702 0.10000 7 
 fake.rf 1440.00000000 50350.21162250183699527 0.10000 7 
 fake.rf 1440.00000000 50363.70736141386924345 0.10000 7 
 fake.rf 1440.00000000 50378.14913687064520431 0.10000 7 
 fake.rf 1440.00000000 50392.15860377858997055 0.10000 7 
 fake.rf 1440.00000000 50406.01942489159803884 0.10000 7 
 fake.rf 1440.00000000 50419.98626243174084394 0.10000 7 
 fake.rf 1440.00000000 50433.93795225549848027 0.10000 7 
 fake.rf 1440.00000000 50447.90182706288977244 0.10000 7 
 fake.rf 1440.00000000 50461.81137466561582272 0.10000 7 
 fake.rf 1440.00000000 50475.74729472197694236 0.10000 7 
 fake.rf 1440.00000000 50489.95997340512645479 0.10000 7 
 fake.rf 1440.00000000 50503.79282985200576306 0.10000 7 
 fake.rf 1440.00000000 50517.69235585424610235 0.10000 7 
 fake.rf 1440.00000000 50531.63699231634009834 0.10000 7 
 fake.rf 1440.00000000 50545.71064394571328293 0.10000 7 
 fake.rf 1440.00000000 50559.65783941037647153 0.10000 7 
 fake.rf 1440.00000000 50573.66718034180058794 0.10000 7 
 fake.rf 1440.00000000 50587.11027769881728489 0.10000 7 
 fake.rf 1440.00000000 50601.18818063869949597 0.10000 7 
 fake.rf 1440.00000000 50615.33788076598756334 0.10000 7 
 fake.rf 1440.00000000 50629.48135842942716422 0.10000 7 
 fake.rf 1440.00000000 50642.88112547519024531 0.10000 7 
 fake.rf 1440.00000000 50657.29934692706082444 0.10000 7 
 fake.rf 1440.00000000 50670.92650147051225673 0.10000 7 
 fake.rf 1440.00000000 50685.13398202941692006 0.10000 7 
 fake.rf 1440.00000000 50698.99549991676182259 0.10000 7 
 fake.rf 1440.00000000 50712.76357191268582980 0.10000 7 
 fake.rf 1440.00000000 50726.91704470990312359 0.10000 7 
 fake.rf 1440.00000000 50741.10227623987745460 0.10000 7 
 fake.rf 1440.00000000 50754.62398508278160136 0.10000 7 
 fake.rf 1440.00000000 50768.72539540482900122 0.10000 7 
 fake.rf 1440.00000000 50782.85042953787491271 0.10000 7 
 fake.rf 1440.00000000 50796.57276978620037866 0.10000 7 
 fake.rf 1440.00000000 50810.48751525811770691 0.10000 7 
 fake.rf 1440.00000000 50824.66024216833442040 0.10000 7 
 fake.rf 1440.00000000 50838.94829641324871261 0.10000 7 
 fake.rf 1440.00000000 50852.86810541978895017 0.10000 7 
 fake.rf 1440.00000000 50866.36408149073321283 0.10000 7 
 fake.rf 1440.00000000 50880.65423650876358153 0.10000 7 
 fake.rf 1440.00000000 50894.52181920777650248 0.10000 7 
 fake.rf 1440.00000000 50908.65860811090847449 0.10000 7 
 fake.rf 1440.00000000 50922.53300129973122168 0.10000 7 
 fake.rf 1440.00000000 50936.27166659083663092 0.10000 7 
 fake.rf 1440.00000000 50950.34620740463142852 0.10000 7 
 fake.rf 1440.00000000 50964.20346313992877185 0.10000 7 
 fake.rf 1440.00000000 50978.05400603190407338 0.10000 7 
 fake.rf 1440.00000000 50992.11396847819788647 0.10000 7 
 fake.rf 1440.00000000 51006.01879148840753331 0.10000 7 
 fake.rf 1440.00000000 51020.01732423243776893 0.10000 7 
 fake.rf 1440.00000000 51034.19341578120071645 0.10000 7 
 fake.rf 1440.00000000 51048.28616478050599525 0.10000 7 
 fake.rf 1440.00000000 51061.79973472388444122 0.10000 7 
 fake.rf 1440.00000000 51076.08048599638998510 0.10000 7 
 fake.rf 1440.00000000 51089.96301582946426478 0.10000 7 
 fake.rf 1440.00000000 51103.80863302391012226 0.10000 7 
 fake.rf 1440.00000000 51117.66842423797575989 0.10000 7 
 fake.rf 1440.00000000 51132.11736474420857945 0.10000 7 
 fake.rf 1440.00000000 51145.76928025766275709 0.10000 7 
 fake.rf 1440.00000000 51159.82077020408427259 0.10000 7 
 fake.rf 1440.00000000 51173.82650162020705409 0.10000 7 
 fake.rf 1440.00000000 51187.70501860111386705 0.10000 7 
 fake.rf 1440.00000000 51201.89614499050306762 0.10000 7 
 fake.rf 1440.00000000 51215.39846990890182354 0.10000 7 
 fake.rf 1440.00000000 51229.70421991631693359 0.10000 7 
 fake.rf 1440.00000000 51243.84831765663075487 0.10000 7 
 fake.rf 1440.00000000 51257.56159566588353016 0.10000 7 
 fake.rf 1440.00000000 51271.52695926635748336 0.10000 7 
 fake.rf 1440.00000000 51285.62909232586962105 0.10000 7 
 fake.rf 1440.00000000 51299.54323907933223481 0.10000 7 
 fake.rf 1440.00000000 51313.17031712625681195 0.10000 7 
 fake.rf 1440.00000000 51327.17825880614330814 0.10000 7 
 fake.rf 1440.00000000 51341.26742061849630971 0.10000 7 
 fake.rf 1440.00000000 51355.47378461994287235 0.10000 7 
 fake.rf 1440.00000000 51369.25861745270902858 0.10000 7 
 fake.rf 1440.00000000 51383.46054626962675371 0.10000 7 
 fake.rf 1440.00000000 51396.89572536966713656 0.10000 7 
 fake.rf 1440.00000000 51411.23599396115869098 0.10000 7 
 fake.rf 1440.00000000 51424.86944449996470397 0.10000 7 
 fake.rf 1440.00000000 51438.91433922715816252 0.10000 7 
 fake.rf 1440.00000000 51453.29136671514228851 0.10000 7 
 fake.rf 1440.00000000 51467.13913500940402912 0.10000 7 
 fake.rf 1440.00000000 51480.64833820678340714 0.10000 7 
 fake.rf 1440.00000000 51494.57716159275244294 0.10000 7 
 fake.rf 1440.00000000 51508.74390714447403283 0.10000 7 
 fake.rf 1440.00000000 51522.84053288292479422 0.10000 7 
 fake.rf 1440.00000000 51536.65319950104231594 0.10000 7 
 fake.rf 1440.00000000 51550.71796234405625725 0.10000 7 
 fake.rf 1440.00000000 51564.63508797719788390 0.10000 7 
 fake.rf 1440.00000000 51578.80456290136855912 0.10000 7 
 fake.rf 1440.00000000 51592.29237511341052169 0.10000 7 
 fake.rf 1440.00000000 51606.25345825355702800 0.10000 7 
 fake.rf 1440.00000000 51620.33967622919820428 0.10000 7 
 fake.rf 1440.00000000 51634.72350746798478838 0.10000 7 
 fake.rf 1440.00000000 51648.22514162764537815 0.10000 7 
 fake.rf 1440.00000000 51662.65533558718890106 0.10000 7 
 fake.rf 1440.00000000 51676.55482412641764967 0.10000 7 
 fake.rf 1440.00000000 51690.47462906015343975 0.10000 7 
 fake.rf 1440.00000000 51704.24174591465473583 0.10000 7 
 fake.rf 1440.00000000 51718.28159367307330285 0.10000 7 
 fake.rf 1440.00000000 51732.15377146826867616 0.10000 7 
 fake.rf 1440.00000000 51746.25285906775634004 0.10000 7 
 fake.rf 1440.00000000 51760.33887441696679588 0.10000 7 
 fake.rf 1440.00000000 51774.33844007296483269 0.10000 7 
 fake.rf 1440.00000000 51788.01545110185586651 0.10000 7 
 fake.rf 1440.00000000 51801.92452551072316780 0.10000 7 
 fake.rf 1440.00000000 51816.16424598050334183 0.10000 7 
 fake.rf 1440.00000000 51829.98132878646559973 0.10000 7 
 fake.rf 1440.00000000 51843.60223114418788626 0.10000 7 
 fake.rf 1440.00000000 51858.18029488164092911 0.10000 7 
 fake.rf 1440.00000000 51872.08049870315592145 0.10000 7 
 fake.rf 1440.00000000 51886.11665459343437945 0.10000 7 
 fake.rf 1440.00000000 51899.91404598172326601 0.10000 7 
 fake.rf 1440.00000000 51914.02834567303895597 0.10000 7 
 fake.rf 1440.00000000 51927.36488422588076475 0.10000 7 
 fake.rf 1440.00000000 51941.36724720260681210 0.10000 7 
 fake.rf 1440.00000000 51955.61639868646285478 0.10000 7 
 fake.rf 1440.00000000 51969.47049695866670049 0.10000 7 
 fake.rf 1440.00000000 51983.57584869341177480 0.10000 7 
 fake.rf 1440.00000000 51997.78035202958795225 0.10000 7 
 fake.rf 1440.00000000 52011.17548438806861455 0.10000 7 
 fake.rf 1440.00000000 52025.47354101516053504 0.10000 7 
 fake.rf 1440.00000000 52039.67735359400479922 0.10000 7 
 fake.rf 1440.00000000 52053.19693002967328610 0.10000 7 
 fake.rf 1440.00000000 52067.25037728946203330 0.10000 7 
 fake.rf 1440.00000000 52080.99405014076443976 0.10000 7 
 fake.rf 1440.00000000 52094.98204657698360265 0.10000 7 
 fake.rf 1440.00000000 52108.97320865153500336 0.10000 7 
 fake.rf 1440.00000000 52123.34157904923094051 0.10000 7 
 fake.rf 1440.00000000 52137.13491832365599166 0.10000 7 
 fake.rf 1440.00000000 52151.20415400230291425 0.10000 7 
 fake.rf 1440.00000000 52164.81626170705385803 0.10000 7 
 fake.rf 1440.00000000 52178.74691473933918218 0.10000 7 
 fake.rf 1440.00000000 52192.94039202542450795 0.10000 7 
 fake.rf 1440.00000000 52207.25695807049195096 0.10000 7 
 fake.rf 1440.00000000 52220.90284801944578774 0.10000 7 
 fake.rf 1440.00000000 52235.04362582287359373 0.10000 7 
 fake.rf 1440.00000000 52248.97147159460399735 0.10000 7 
 fake.rf 1440.00000000 52262.47267065785029061 0.10000 7 
 fake.rf 1440.00000000 52276.93924350176511950 0.10000 7 
 fake.rf 1440.00000000 52290.81671244807749588 0.10000 7 
 fake.rf 1440.00000000 52304.92300794470327219 0.10000 7 
 fake.rf 1440.00000000 52318.79729606665873831 0.10000 7 
 fake.rf 1440.00000000 52332.51038242282468005 0.10000 7 
 fake.rf 1440.00000000 52346.76920381020088513 0.10000 7 
 fake.rf 1440.00000000 52360.68492336860067482 0.10000 7 
 fake.rf 1440.00000000 52374.43859859312793859 0.10000 7 
 fake.rf 1440.00000000 52388.31813095197242447 0.10000 7 
 fake.rf 1440.00000000 52402.12617471877383224 0.10000 7 
 fake.rf 1440.00000000 52416.69009453139029020 0.10000 7 
 fake.rf 1440.00000000 52430.14568930817782189 0.10000 7 
 fake.rf 1440.00000000 52444.05375821955283300 0.10000 7 
 fake.rf 1440.00000000 52458.28729413512367330 0.10000 7 
 fake.rf 1440.00000000 52471.98492779219702697 0.10000 7 
 fake.rf 1440.00000000 52486.11746578103225502 0.10000 7 
 fake.rf 1440.00000000 52500.44267514073071013 0.10000 7 
 fake.rf 1440.00000000 52513.92220770152605525 0.10000 7 
 fake.rf 1440.00000000 52528.08096804641990474 0.10000 7 
 fake.rf 1440.00000000 52541.76889880538346844 0.10000 7 
 fake.rf 1440.00000000 52555.65502787419517361 0.10000 7 
 fake.rf 1440.00000000 52569.64535358455086111 0.10000 7 
 fake.rf 1440.00000000 52584.10741281153809368 0.10000 7 
 fake.rf 1440.00000000 52597.64387556722987682 0.10000 7 
 fake.rf 1440.00000000 52611.60308036462955172 0.10000 7 
 fake.rf 1440.00000000 52625.63017621902501375 0.10000 7 
 fake.rf 1440.00000000 52639.52143110671612547 0.10000 7 
 fake.rf 1440.00000000 52653.83141887202285503 0.10000 7 
 fake.rf 1440.00000000 52667.37085169310236665 0.10000 7 
 fake.rf 1440.00000000 52681.89484530117088568 0.10000 7 
 fake.rf 1440.00000000 52695.74425787627144047 0.10000 7 
 fake.rf 1440.00000000 52709.78848976766736456 0.10000 7 
 fake.rf 1440.00000000 52723.56151156090159660 0.10000 7 
 fake.rf 1440.00000000 52737.55544598706392279 0.10000 7 
 fake.rf 1440.00000000 52751.51219192022065840 0.10000 7 
 fake.rf 1440.00000000 52765.70319287673154918 0.10000 7 
 fake.rf 1440.00000000 52779.32750791867745832 0.10000 7 
 fake.rf 1440.00000000 52793.23819957823269178 0.10000 7 
 fake.rf 1440.00000000 52807.22110197097379825 0.10000 7 
 fake.rf 1440.00000000 52821.42984189981293852 0.10000 7 
 fake.rf 1440.00000000 52835.18680327772568361 0.10000 7 
 fake.rf 1440.00000000 52849.10518495600355848 0.10000 7 
 fake.rf 1440.00000000 52862.80774590709596694 0.10000 7 
 fake.rf 1440.00000000 52877.17766907678512922 0.10000 7 
 fake.rf 1440.00000000 52891.36781249173203179 0.10000 7 
 fake.rf 1440.00000000 52904.80623310558363670 0.10000 7 
 fake.rf 1440.00000000 52918.68025372634793158 0.10000 7 
 fake.rf 1440.00000000 52933.23383265375201034 0.10000 7 
 fake.rf 1440.00000000 52946.85667835775573664 0.10000 7 
 fake.rf 1440.00000000 52960.92768530190947374 0.10000 7 
 fake.rf 1440.00000000 52974.54075452823639836 0.10000 7 
 fake.rf 1440.00000000 52988.75462218650682900 0.10000 7 
 fake.rf 1440.00000000 53002.85418095170883390 0.10000 7 
