FORMAT 1
 fake.rf 1440.00000000 50001.22553113394538116 0.10000 7 
 fake.rf 1440.00000000 50015.01408759021636641 0.10000 7 
 fake.rf 1440.00000000 50029.11107708947124806 0.10000 7 
 fake.rf 1440.00000000 50042.62308700931537331 0.10000 7 
 fake.rf 1440.00000000 50057.00779105663467305 0.10000 7 
 fake.rf 1440.00000000 50070.78632759378889716 0.10000 7 
 fake.rf 1440.00000000 50084.54266316613274412 0.10000 7 
 fake.rf 1440.00000000 50098.82292010840553331 0.10000 7 
 fake.rf 1440.00000000 50112.48909542506204318 0.10000 7 
 fake.rf 1440.00000000 50126.32788894567235971 0.10000 7 
 fake.rf 1440.00000000 50140.41939371017471672 0.10000 7 
 fake.rf 1440.00000000 50154.78439610886441713 0.10000 7 
 fake.rf 1440.00000000 50168.61816175935251749 0.10000 7 
 fake.rf 1440.00000000 50182.27222682517000152 0.10000 7 
 fake.rf 1440.00000000 50196.29977032027170125 0.10000 7 
 fake.rf 1440.00000000 50210.08245367232622769 0.10000 7 
 fake.rf 1440.00000000 50224.42431385787921627 0.10000 7 
 fake.rf 1440.00000000 50238.03215665501720366 0.10000 7 
 fake.rf 1440.00000000 50252.27669425424126004 0.10000 7 
 fake.rf 1440.00000000 50266.57516207477648962 0.10000 7 
 fake.rf 1440.00000000 50279.92379184568039108 0.10000 7 
 fake.rf 1440.00000000 50293.90981203691070789 0.10000 7 
 fake.rf 1440.00000000 50308.43664950020793114 0.10000 7 
 fake.rf 1440.00000000 50321.92859259217764034 0.10000 7 
 fake.rf 1440.00000000 50335.82685929436677696 0.10000 7 
 fake.rf 1440.00000000 50350.27883516011784693 0.10000 7 
 fake.rf 1440.00000000 50364.09851677546560111 0.10000 7 
 fake.rf 1440.00000000 50378.10601648647066853 0.10000 7 
 fake.rf 1440.00000000 50392.20928760541820779 0.10000 7 
 fake.rf 1440.00000000 50405.61439623272908506 0.10000 7 
 fake.rf 1440.00000000 50419.75968069111802805 0.10000 7 
 fake.rf 1440.00000000 50434.01453250001748430 0.10000 7 
 fake.rf 1440.00000000 50447.91309029843047185 0.10000 7 
 fake.rf 1440.00000000 50461.52692369910309722 0.10000 7 
 fake.rf 1440.00000000 50475.99867804740138766 0.10000 7 
 fake.rf 1440.00000000 50489.65349930953831503 0.10000 7 
 fake.rf 1440.00000000 50503.75076197669939759 0.10000 7 
 fake.rf 1440.00000000 50517.35041134379715899 0.10000 7 
 fake.rf 1440.00000000 50531.32371558008842882 0.10000 7 
 fake.rf 1440.00000000 50545.79204632844306389 0.10000 7 
 fake.rf 1440.00000000 50559.26871528998193739 0.10000 7 
 fake.rf 1440.00000000 50573.37175037743631023 0.10000 7 
 fake.rf 1440.00000000 50587.57664292137018336 0.10000 7 
 fake.rf 1440.00000000 50601.59197025507988599 0.10000 7 
 fake.rf 1440.00000000 50615.38729649795894616 0.10000 7 
 fake.rf 1440.00000000 50628.99129189409332952 0.10000 7 
 fake.rf 1440.00000000 50643.49419533689581385 0.10000 7 
 fake.rf 1440.00000000 50657.00294113140392582 0.10000 7 
 fake.rf 1440.00000000 50670.91967206103566213 0.10000 7 
 fake.rf 1440.00000000 50685.03867255866645536 0.10000 7 
 fake.rf 1440.00000000 50698.88411221890543601 0.10000 7 
 fake.rf 1440.00000000 50712.85436566378337631 0.10000 7 
 fake.rf 1440.00000000 50726.99761237969749317 0.10000 7 
 fake.rf 1440.00000000 50740.74144890779169259 0.10000 7 
 fake.rf 1440.00000000 50754.90853817419506910 0.10000 7 
 fake.rf 1440.00000000 50768.98827765871016382 0.10000 7 
 fake.rf 1440.00000000 50782.55564946505898405 0.10000 7 
 fake.rf 1440.00000000 50796.58064639259233175 0.10000 7 
 fake.rf 1440.00000000 50810.70611166314244755 0.10000 7 
 fake.rf 1440.00000000 50824.41498065576667997 0.10000 7 
 fake.rf 1440.00000000 50838.54997897051178057 0.10000 7 
 fake.rf 1440.00000000 50852.85895479259636431 0.10000 7 
 fake.rf 1440.00000000 50866.86090162913900414 0.10000 7 
 fake.rf 1440.00000000 50880.26601707675843400 0.10000 7 
 fake.rf 1440.00000000 50894.22705236780094751 0.10000 7 
 fake.rf 1440.00000000 50908.73897967461495639 0.10000 7 
 fake.rf 1440.00000000 50922.50380912828773816 0.10000 7 
 fake.rf 1440.00000000 50936.60033317166771738 0.10000 7 
 fake.rf 1440.00000000 50950.08346923512842963 0.10000 7 
 fake.rf 1440.00000000 50964.52649569061789592 0.10000 7 
 fake.rf 1440.00000000 50978.46290987012828566 0.10000 7 
 fake.rf 1440.00000000 50992.12760760901275603 0.10000 7 
 fake.rf 1440.00000000 51006.04522855614978738 0.10000 7 
 fake.rf 1440.00000000 51020.22476126755722703 0.10000 7 
 fake.rf 1440.00000000 51033.94301244570432274 0.10000 7 
 fake.rf 1440.00000000 51048.36085238377823714 0.10000 7 
 fake.rf 1440.00000000 51062.18260658304228983 0.10000 7 
 fake.rf 1440.00000000 51075.77532061508575367 0.10000 7 
 fake.rf 1440.00000000 51089.74013240933818025 0.10000 7 
 fake.rf 1440.00000000 51104.18351024623211032 0.10000 7 
 fake.rf 1440.00000000 51117.93345077238335250 0.10000 7 
 fake.rf 1440.00000000 51131.78192835676604489 0.10000 7 
 fake.rf 1440.00000000 51145.56711904118996159 0.10000 7 
 fake.rf 1440.00000000 51159.49853238672849187 0.10000 7 
 fake.rf 1440.00000000 51173.79573922001284458 0.10000 7 
 fake.rf 1440.00000000 51187.78624524296504106 0.10000 7 
 fake.rf 1440.00000000 51201.83562412045665369 0.10000 7 
 fake.rf 1440.00000000 51215.73842875901362603 0.10000 7 
 fake.rf 1440.00000000 51229.79215784608829409 0.10000 7 
 fake.rf 1440.00000000 51243.33856136816821447 0.10000 7 
 fake.rf 1440.00000000 51257.65512773206572561 0.10000 7 
 fake.rf 1440.00000000 51271.21541451800124989 0.10000 7 
 fake.rf 1440.00000000 51285.77568664061030645 0.10000 7 
 fake.rf 1440.00000000 51299.46575922021132499 0.10000 7 
 fake.rf 1440.00000000 51313.13605417187449120 0.10000 7 
 fake.rf 1440.00000000 51327.02892102732468160 0.10000 7 
 fake.rf 1440.00000000 51341.26914699028669631 0.10000 7 
 fake.rf 1440.00000000 51355.40916408485450972 0.10000 7 
 fake.rf 1440.00000000 51369.43678107048641479 0.10000 7 
 fake.rf 1440.00000000 51383.19836917479466010 0.10000 7 
 fake.rf 1440.00000000 51397.15297211801782140 0.10000 7 
 fake.rf 1440.00000000 51411.15522929216200865 0.10000 7 
 fake.rf 1440.00000000 51425.28640789810748046 0.10000 7 
 fake.rf 1440.00000000 51439.19685783387790678 0.10000 7 
 fake.rf 1440.00000000 51452.75020718008515175 0.10000 7 
 fake.rf 1440.00000000 51466.63786298589151968 0.10000 7 
 fake.rf 1440.00000000 51481.00437888155115473 0.10000 7 
 fake.rf 1440.00000000 51495.08437522267005093 0.10000 7 
 fake.rf 1440.00000000 51508.60297114449030786 0.10000 7 
 fake.rf 1440.00000000 51522.97252487516915664 0.10000 7 
 fake.rf 1440.00000000 51536.86745850848054573 0.10000 7 
 fake.rf 1440.00000000 51550.84088764684054595 0.10000 7 
 fake.rf 1440.00000000 51564.43047837963772650 0.10000 7 
 fake.rf 1440.00000000 51578.81549537775736525 0.10000 7 
 fake.rf 1440.00000000 51592.75856393342444761 0.10000 7 
 fake.rf 1440.00000000 51606.68358756012261779 0.10000 7 
 fake.rf 1440.00000000 51620.43066999622146795 0.10000 7 
 fake.rf 1440.00000000 51634.46134352583758087 0.10000 7 
 fake.rf 1440.00000000 51648.32739786552711436 0.10000 7 
 fake.rf 1440.00000000 51662.16643546173541779 0.10000 7 
 fake.rf 1440.00000000 51676.44840522312891196 0.10000 7 
 fake.rf 1440.00000000 51690.66925199834247451 0.10000 7 
 fake.rf 1440.00000000 51704.10680237983575935 0.10000 7 
 fake.rf 1440.00000000 51718.32060371839995483 0.10000 7 
 fake.rf 1440.00000000 51732.26974913773565490 0.10000 7 
 fake.rf 1440.00000000 51746.08248721575068529 0.10000 7 
 fake.rf 1440.00000000 51760.22738148610436681 0.10000 7 
 fake.rf 1440.00000000 51773.78831226495629281 0.10000 7 
 fake.rf 1440.00000000 51787.77929349417292926 0.10000 7 
 fake.rf 1440.00000000 51801.99003078905863262 0.10000 7 
 fake.rf 1440.00000000 51816.01744241874875385 0.10000 7 
 fake.rf 1440.00000000 51830.00125267048291988 0.10000 7 
 fake.rf 1440.00000000 51844.25247319240622090 0.10000 7 
 fake.rf 1440.00000000 51857.78262278875552838 0.10000 7 
 fake.rf 1440.00000000 51871.71510906217615400 0.10000 7 
 fake.rf 1440.00000000 51885.55790506292067121 0.10000 7 
 fake.rf 1440.00000000 51899.68060321808842872 0.10000 7 
 fake.rf 1440.00000000 51914.01783142610562649 0.10000 7 
 fake.rf 1440.00000000 51927.97884983194127884 0.10000 7 
 fake.rf 1440.00000000 51941.65836987635602284 0.10000 7 
 fake.rf 1440.00000000 51955.73671130213801561 0.10000 7 
 fake.rf 1440.00000000 51969.63088935972797344 0.10000 7 
 fake.rf 1440.00000000 51983.32206469102565549 0.10000 7 
 fake.rf 1440.00000000 51997.69488953596284730 0.10000 7 
 fake.rf 1440.00000000 52011.34564398483380288 0.10000 7 
 fake.rf 1440.00000000 52025.68478060683289144 0.10000 7 
 fake.rf 1440.00000000 52039.35418845828652934 0.10000 7 
 fake.rf 1440.00000000 52053.45691815859143148 0.10000 7 
 fake.rf 1440.00000000 52067.19828762186160631 0.10000 7 
 fake.rf 1440.00000000 52081.43864256260951962 0.10000 7 
 fake.rf 1440.00000000 52095.41863588763418136 0.10000 7 
 fake.rf 1440.00000000 52109.48020121101302493 0.10000 7 
 fake.rf 1440.00000000 52123.31296238078767757 0.10000 7 
 fake.rf 1440.00000000 52137.43539877064647214 0.10000 7 
 fake.rf 1440.00000000 52151.08232486945239259 0.10000 7 
 fake.rf 1440.00000000 52164.90245751276143693 0.10000 7 
 fake.rf 1440.00000000 52178.87585807008488104 0.10000 7 
 fake.rf 1440.00000000 52192.70590444289298659 0.10000 7 
 fake.rf 1440.00000000 52206.79186061042478784 0.10000 7 
 fake.rf 1440.00000000 52220.79446846805146976 0.10000 7 
 fake.rf 1440.00000000 52234.87347823430452820 0.10000 7 
 fake.rf 1440.00000000 52249.02507206185401500 0.10000 7 
 fake.rf 1440.00000000 52263.04971624272780772 0.10000 7 
 fake.rf 1440.00000000 52276.75150591875092942 0.10000 7 
 fake.rf 1440.00000000 52290.47147540859238646 0.10000 7 
 fake.rf 1440.00000000 52304.46683196589529175 0.10000 7 
 fake.rf 1440.00000000 52318.71631035224708128 0.10000 7 
 fake.rf 1440.00000000 52332.59720404197501153 0.10000 7 
 fake.rf 1440.00000000 52346.30134818686828169 0.10000 7 
 fake.rf 1440.00000000 52360.55007112234790156 0.10000 7 
 fake.rf 1440.00000000 52374.14871095121980105 0.10000 7 
 fake.rf 1440.00000000 52388.63608918319628671 0.10000 7 
 fake.rf 1440.00000000 52402.15054956569967359 0.10000 7 
 fake.rf 1440.00000000 52416.14525743541173952 0.10000 7 
 fake.rf 1440.00000000 52430.37701999330661806 0.10000 7 
 fake.rf 1440.00000000 52444.24712753851445868 0.10000 7 
 fake.rf 1440.00000000 52457.95253143337064472 0.10000 7 
 fake.rf 1440.00000000 52471.89192790995795690 0.10000 7 
 fake.rf 1440.00000000 52485.90299118688736968 0.10000 7 
 fake.rf 1440.00000000 52500.05465726685222450 0.10000 7 
 fake.rf 1440.00000000 52514.27263475742159926 0.10000 7 
 fake.rf 1440.00000000 52528.30191741664090443 0.10000 7 
 fake.rf 1440.00000000 52541.88670828722486306 0.10000 7 
 fake.rf 1440.00000000 52555.97567294300645813 0.10000 7 
 fake.rf 1440.00000000 52570.16561816126419160 0.10000 7 
 fake.rf 1440.00000000 52584.10222778647687392 0.10000 7 
 fake.rf 1440.00000000 52598.04955119014726606 0.10000 7 
 fake.rf 1440.00000000 52611.58445627952080059 0.10000 7 
 fake.rf 1440.00000000 52626.05600508026335760 0.10000 7 
 fake.rf 1440.00000000 52639.46084401710237799 0.10000 7 
 fake.rf 1440.00000000 52653.70324973493793408 0.10000 7 
 fake.rf 1440.00000000 52667.62536761758610382 0.10000 7 
 fake.rf 1440.00000000 52681.88669313394385085 0.10000 7 
 fake.rf 1440.00000000 52695.52530253262984772 0.10000 7 
 fake.rf 1440.00000000 52709.85410282259340065 0.10000 7 
 fake.rf 1440.00000000 52723.20695723905038932 0.10000 7 
 fake.rf 1440.00000000 52737.54581583106283915 0.10000 7 
 fake.rf 1440.00000000 52751.49565397863274185 0.10000 7 
 fake.rf 1440.00000000 52765.43429476967069292 0.10000 7 
 fake.rf 1440.00000000 52779.51552363534158729 0.10000 7 
 fake.rf 1440.00000000 52793.08564406060851582 0.10000 7 
 fake.rf 1440.00000000 52807.32781739284295242 0.10000 7 
 fake.rf 1440.00000000 52821.26798391485269235 0.10000 7 
 fake.rf 1440.00000000 52835.05745746464102552 0.10000 7 
 fake.rf 1440.00000000 52849.33256475503079130 0.10000 7 
 fake.rf 1440.00000000 52862.87605322863890223 0.10000 7 
 fake.rf 1440.00000000 52877.24052701940899368 0.10000 7 
 fake.rf 1440.00000000 52891.25926427124480966 0.10000 7 
 fake.rf 1440.00000000 52904.78037525761849125 0.10000 7 
 fake.rf 1440.00000000 52919.19413842863926334 0.10000 7 
 fake.rf 1440.00000000 52932.73610120076613583 0.10000 7 
 fake.rf 1440.00000000 52947.18008238799764342 0.10000 7 
 fake.rf 1440.00000000 52960.99468763023094553 0.10000 7 
 fake.rf 1440.00000000 52974.82633397071526815 0.10000 7 
 fake.rf 1440.00000000 52988.73083927246704050 0.10000 7 
 fake.rf 1440.00000000 53002.77361575244796654 0.10000 7 
