FORMAT 1
 fake.rf 1440.00000000 50000.85164461646991541 0.10000 7 
 fake.rf 1440.00000000 50014.74169937558811583 0.10000 7 
 fake.rf 1440.00000000 50029.02427375623719286 0.10000 7 
 fake.rf 1440.00000000 50042.67386388745800119 0.10000 7 
 fake.rf 1440.00000000 50056.67365033514606765 0.10000 7 
 fake.rf 1440.00000000 50070.57018983656215028 0.10000 7 
 fake.rf 1440.00000000 50084.84679067676959008 0.10000 7 
 fake.rf 1440.00000000 50098.47946197808913382 0.10000 7 
 fake.rf 1440.00000000 50112.71950358433285544 0.10000 7 
 fake.rf 1440.00000000 50126.69646412871597008 0.10000 7 
 fake.rf 1440.00000000 50140.38688260671687402 0.10000 7 
 fake.rf 1440.00000000 50154.33734224630116572 0.10000 7 
 fake.rf 1440.00000000 50168.30236691317198350 0.10000 7 
 fake.rf 1440.00000000 50182.63631894706270486 0.10000 7 
 fake.rf 1440.00000000 50196.70623343477153000 0.10000 7 
 fake.rf 1440.00000000 50210.27960469038272961 0.10000 7 
 fake.rf 1440.00000000 50224.22728940905371076 0.10000 7 
 fake.rf 1440.00000000 50238.27559660301898248 0.10000 7 
 fake.rf 1440.00000000 50252.34333400260753066 0.10000 7 
 fake.rf 1440.00000000 50265.93768547345055708 0.10000 7 
 fake.rf 1440.00000000 50280.23437383232639775 0.10000 7 
 fake.rf 1440.00000000 50294.03814449179092705 0.10000 7 
 fake.rf 1440.00000000 50308.35612594946280396 0.10000 7 
 fake.rf 1440.00000000 50322.21215130903925683 0.10000 7 
 fake.rf 1440.00000000 50335.80124455074795620 0.10000 7 
 fake.rf 1440.00000000 50349.69941484763207384 0.10000 7 
 fake.rf 1440.00000000 50364.03764748626576875 0.10000 7 
 fake.rf 1440.00000000 50378.14623872484975209 0.10000 7 
 fake.rf 1440.00000000 50391.91428140792616119 0.10000 7 
 fake.rf 1440.00000000 50406.19524542247379273 0.10000 7 
 fake.rf 1440.00000000 50419.71817258017329522 0.10000 7 
 fake.rf 1440.00000000 50433.99759000350141491 0.10000 7 
 fake.rf 1440.00000000 50447.54016810053233044 0.10000 7 
 fake.rf 1440.00000000 50462.05056236749897991 0.10000 7 
 fake.rf 1440.00000000 50476.01779607338461275 0.10000 7 
 fake.rf 1440.00000000 50489.59838662511469920 0.10000 7 
 fake.rf 1440.00000000 50503.37687984471972058 0.10000 7 
 fake.rf 1440.00000000 50517.65894045390110634 0.10000 7 
 fake.rf 1440.00000000 50531.57709508687873168 0.10000 7 
 fake.rf 1440.00000000 50545.63385597889728729 0.10000 7 
 fake.rf 1440.00000000 50559.26443640035630978 0.10000 7 
 fake.rf 1440.00000000 50573.57790225242561633 0.10000 7 
 fake.rf 1440.00000000 50587.62334883843985978 0.10000 7 
 fake.rf 1440.00000000 50601.25718014776913733 0.10000 7 
 fake.rf 1440.00000000 50615.27615733007180054 0.10000 7 
 fake.rf 1440.00000000 50629.42974458469115007 0.10000 7 
 fake.rf 1440.00000000 50643.34183973856487881 0.10000 7 
 fake.rf 1440.00000000 50657.34672781771912398 0.10000 7 
 fake.rf 1440.00000000 50670.92018151497623890 0.10000 7 
 fake.rf 1440.00000000 50684.93824023557109371 0.10000 7 
 fake.rf 1440.00000000 50699.24237255939078040 0.10000 7 
 fake.rf 1440.00000000 50713.15074063767891133 0.10000 7 
 fake.rf 1440.00000000 50727.01079611143057591 0.10000 7 
 fake.rf 1440.00000000 50741.00446928295616189 0.10000 7 
 fake.rf 1440.00000000 50754.80708880682979967 0.10000 7 
 fake.rf 1440.00000000 50768.96113023712163681 0.10000 7 
 fake.rf 1440.00000000 50782.89119979351250578 0.10000 7 
 fake.rf 1440.00000000 50797.07027796570504208 0.10000 7 
 fake.rf 1440.00000000 50810.70447009589345555 0.10000 7 
 fake.rf 1440.00000000 50824.44080838733657046 0.10000 7 
 fake.rf 1440.00000000 50838.93907661573955181 0.10000 7 
 fake.rf 1440.00000000 50852.80108855626039599 0.10000 7 
 fake.rf 1440.00000000 50866.85507042815141432 0.10000 7 
 fake.rf 1440.00000000 50880.26747612340551541 0.10000 7 
 fake.rf 1440.00000000 50894.67810841849881598 0.10000 7 
 fake.rf 1440.00000000 50908.73755002618155885 0.10000 7 
 fake.rf 1440.00000000 50922.43543904995397398 0.10000 7 
 fake.rf 1440.00000000 50936.66279060842972370 0.10000 7 
 fake.rf 1440.00000000 50950.37585215698633334 0.10000 7 
 fake.rf 1440.00000000 50964.03012195399655226 0.10000 7 
 fake.rf 1440.00000000 50978.35246043090614521 0.10000 7 
 fake.rf 1440.00000000 50992.40099521882676115 0.10000 7 
 fake.rf 1440.00000000 51006.40695690827979547 0.10000 7 
 fake.rf 1440.00000000 51020.14630139284677668 0.10000 7 
 fake.rf 1440.00000000 51033.86689347083720492 0.10000 7 
 fake.rf 1440.00000000 51047.93005849481451008 0.10000 7 
 fake.rf 1440.00000000 51061.86121619048169151 0.10000 7 
 fake.rf 1440.00000000 51076.19879623776239441 0.10000 7 
 fake.rf 1440.00000000 51090.30507534556447879 0.10000 7 
 fake.rf 1440.00000000 51103.84791293044114724 0.10000 7 
 fake.rf 1440.00000000 51118.24177771802503756 0.10000 7 
 fake.rf 1440.00000000 51132.02374849376548127 0.10000 7 
 fake.rf 1440.00000000 51146.17984696677917711 0.10000 7 
 fake.rf 1440.00000000 51159.80532657239717764 0.10000 7 
 fake.rf 1440.00000000 51173.61919659461360510 0.10000 7 
 fake.rf 1440.00000000 51187.61614063044157064 0.10000 7 
 fake.rf 1440.00000000 51201.43388778803221584 0.10000 7 
 fake.rf 1440.00000000 51215.88272008429427373 0.10000 7 
 fake.rf 1440.00000000 51229.43030167611821568 0.10000 7 
 fake.rf 1440.00000000 51243.58713362594393814 0.10000 7 
 fake.rf 1440.00000000 51257.81053033107440697 0.10000 7 
 fake.rf 1440.00000000 51271.22793951973138604 0.10000 7 
 fake.rf 1440.00000000 51285.28500951319202628 0.10000 7 
 fake.rf 1440.00000000 51299.60061412178437479 0.10000 7 
 fake.rf 1440.00000000 51313.13532171988740060 0.10000 7 
 fake.rf 1440.00000000 51327.64125016003893620 0.10000 7 
 fake.rf 1440.00000000 51341.38785572845412375 0.10000 7 
 fake.rf 1440.00000000 51355.32534513057903780 0.10000 7 
 fake.rf 1440.00000000 51369.43018454135708240 0.10000 7 
 fake.rf 1440.00000000 51382.92807769279745855 0.10000 7 
 fake.rf 1440.00000000 51397.22472956433174573 0.10000 7 
 fake.rf 1440.00000000 51411.02346689545503722 0.10000 7 
 fake.rf 1440.00000000 51425.27478763623865632 0.10000 7 
 fake.rf 1440.00000000 51438.94896061659463626 0.10000 7 
 fake.rf 1440.00000000 51453.19193510422800131 0.10000 7 
 fake.rf 1440.00000000 51467.20207400338292203 0.10000 7 
 fake.rf 1440.00000000 51480.97763796308546702 0.10000 7 
 fake.rf 1440.00000000 51495.18999635061166842 0.10000 7 
 fake.rf 1440.00000000 51508.90927464875080588 0.10000 7 
 fake.rf 1440.00000000 51522.82934383198421102 0.10000 7 
 fake.rf 1440.00000000 51536.62276579036984714 0.10000 7 
 fake.rf 1440.00000000 51550.77413493640825237 0.10000 7 
 fake.rf 1440.00000000 51564.51440104900116168 0.10000 7 
 fake.rf 1440.00000000 51578.50214745400707983 0.10000 7 
 fake.rf 1440.00000000 51592.31722234387919102 0.10000 7 
 fake.rf 1440.00000000 51606.57625124427292462 0.10000 7 
 fake.rf 1440.00000000 51620.59916769451313812 0.10000 7 
 fake.rf 1440.00000000 51634.27021579790255501 0.10000 7 
 fake.rf 1440.00000000 51648.34963639504252697 0.10000 7 
 fake.rf 1440.00000000 51662.62502715267503461 0.10000 7 
 fake.rf 1440.00000000 51676.49113327299156140 0.10000 7 
 fake.rf 1440.00000000 51690.16550992122461139 0.10000 7 
 fake.rf 1440.00000000 51704.56320263470500720 0.10000 7 
 fake.rf 1440.00000000 51718.52460486746781143 0.10000 7 
 fake.rf 1440.00000000 51732.55281214817629021 0.10000 7 
 fake.rf 1440.00000000 51746.52343854270283074 0.10000 7 
 fake.rf 1440.00000000 51760.36232865545662207 0.10000 7 
 fake.rf 1440.00000000 51774.17536758507319661 0.10000 7 
 fake.rf 1440.00000000 51788.12170945091122221 0.10000 7 
 fake.rf 1440.00000000 51802.10366500309888238 0.10000 7 
 fake.rf 1440.00000000 51816.11948982413338527 0.10000 7 
 fake.rf 1440.00000000 51829.73404296646670986 0.10000 7 
 fake.rf 1440.00000000 51844.21962857172505679 0.10000 7 
 fake.rf 1440.00000000 51857.85833357615712202 0.10000 7 
 fake.rf 1440.00000000 51871.85195239190402461 0.10000 7 
 fake.rf 1440.00000000 51885.95207183498775905 0.10000 7 
 fake.rf 1440.00000000 51899.63914181800141634 0.10000 7 
 fake.rf 1440.00000000 51913.44655069885585874 0.10000 7 
 fake.rf 1440.00000000 51927.79725460571312468 0.10000 7 
 fake.rf 1440.00000000 51941.90849561531883083 0.10000 7 
 fake.rf 1440.00000000 51955.67419976400859127 0.10000 7 
 fake.rf 1440.00000000 51969.85655166924123805 0.10000 7 
 fake.rf 1440.00000000 51983.49072118502053996 0.10000 7 
 fake.rf 1440.00000000 51997.70158422585971536 0.10000 7 
 fake.rf 1440.00000000 52011.24324198139564146 0.10000 7 
 fake.rf 1440.00000000 52025.39737906756227304 0.10000 7 
 fake.rf 1440.00000000 52039.23883032248135905 0.10000 7 
 fake.rf 1440.00000000 52053.50829738063536212 0.10000 7 
 fake.rf 1440.00000000 52067.37170855454653662 0.10000 7 
 fake.rf 1440.00000000 52081.33080655926676172 0.10000 7 
 fake.rf 1440.00000000 52095.24722371492440232 0.10000 7 
 fake.rf 1440.00000000 52109.01496711882582957 0.10000 7 
 fake.rf 1440.00000000 52123.35333447915078153 0.10000 7 
 fake.rf 1440.00000000 52137.03900374439295717 0.10000 7 
 fake.rf 1440.00000000 52150.80637543217521568 0.10000 7 
 fake.rf 1440.00000000 52165.21117615976347537 0.10000 7 
 fake.rf 1440.00000000 52178.90569791365145846 0.10000 7 
 fake.rf 1440.00000000 52193.21685242968468188 0.10000 7 
 fake.rf 1440.00000000 52206.80625154710273961 0.10000 7 
 fake.rf 1440.00000000 52221.15200780273484327 0.10000 7 
 fake.rf 1440.00000000 52234.81667727501659826 0.10000 7 
 fake.rf 1440.00000000 52249.12679400170983968 0.10000 7 
 fake.rf 1440.00000000 52263.12532948383965703 0.10000 7 
 fake.rf 1440.00000000 52276.64714388749753127 0.10000 7 
 fake.rf 1440.00000000 52290.63419163592488204 0.10000 7 
 fake.rf 1440.00000000 52304.66457205278007692 0.10000 7 
 fake.rf 1440.00000000 52318.32473200262080226 0.10000 7 
 fake.rf 1440.00000000 52332.70374247183848482 0.10000 7 
 fake.rf 1440.00000000 52346.57975779582199038 0.10000 7 
 fake.rf 1440.00000000 52360.62884769913673466 0.10000 7 
 fake.rf 1440.00000000 52374.49065856345214698 0.10000 7 
 fake.rf 1440.00000000 52388.17060413930723328 0.10000 7 
 fake.rf 1440.00000000 52402.44027209371020248 0.10000 7 
 fake.rf 1440.00000000 52416.64114524023961295 0.10000 7 
 fake.rf 1440.00000000 52430.57017976363249900 0.10000 7 
 fake.rf 1440.00000000 52444.41973164943349062 0.10000 7 
 fake.rf 1440.00000000 52458.14630118235844236 0.10000 7 
 fake.rf 1440.00000000 52471.95501316666675251 0.10000 7 
 fake.rf 1440.00000000 52486.11225809911007190 0.10000 7 
 fake.rf 1440.00000000 52500.40713149997410625 0.10000 7 
 fake.rf 1440.00000000 52514.21316755218776606 0.10000 7 
 fake.rf 1440.00000000 52528.32505568734445234 0.10000 7 
 fake.rf 1440.00000000 52541.75923198527220137 0.10000 7 
 fake.rf 1440.00000000 52555.94186140850751343 0.10000 7 
 fake.rf 1440.00000000 52569.77764492440286048 0.10000 7 
 fake.rf 1440.00000000 52583.68408557356790567 0.10000 7 
 fake.rf 1440.00000000 52597.64307512872005290 0.10000 7 
 fake.rf 1440.00000000 52611.87827321264980185 0.10000 7 
 fake.rf 1440.00000000 52625.46742773485309996 0.10000 7 
 fake.rf 1440.00000000 52639.72070912507668439 0.10000 7 
 fake.rf 1440.00000000 52653.67322285221442968 0.10000 7 
 fake.rf 1440.00000000 52667.63193954592033563 0.10000 7 
 fake.rf 1440.00000000 52681.56689714271148972 0.10000 7 
 fake.rf 1440.00000000 52695.55617245518130076 0.10000 7 
 fake.rf 1440.00000000 52709.74159628149268997 0.10000 7 
 fake.rf 1440.00000000 52723.70182767827608217 0.10000 7 
 fake.rf 1440.00000000 52737.75970942811567710 0.10000 7 
 fake.rf 1440.00000000 52751.64351920503361271 0.10000 7 
 fake.rf 1440.00000000 52765.35432054723033346 0.10000 7 
 fake.rf 1440.00000000 52779.32644365361929317 0.10000 7 
 fake.rf 1440.00000000 52793.29756953943441289 0.10000 7 
 fake.rf 1440.00000000 52807.57507435255681827 0.10000 7 
 fake.rf 1440.00000000 52821.26536910914433065 0.10000 7 
 fake.rf 1440.00000000 52835.54438903711854536 0.10000 7 
 fake.rf 1440.00000000 52849.39432640352660187 0.10000 7 
 fake.rf 1440.00000000 52863.05188170718731300 0.10000 7 
 fake.rf 1440.00000000 52877.21867960013623033 0.10000 7 
 fake.rf 1440.00000000 52890.83341259553157343 0.10000 7 
 fake.rf 1440.00000000 52905.00457262310319351 0.10000 7 
 fake.rf 1440.00000000 52918.70017476174598769 0.10000 7 
 fake.rf 1440.00000000 52932.64800730714184951 0.10000 7 
 fake.rf 1440.00000000 52946.66342939190551320 0.10000 7 
 fake.rf 1440.00000000 52961.17581247356845964 0.10000 7 
 fake.rf 1440.00000000 52974.59604731447475245 0.10000 7 
 fake.rf 1440.00000000 52988.83232487920872700 0.10000 7 
 fake.rf 1440.00000000 53002.55205100161506593 0.10000 7 
