FORMAT 1
 fake.rf 1440.00000000 50000.01403484765631191 0.10000 7 
 fake.rf 1440.00000000 50014.24752803232749798 0.10000 7 
 fake.rf 1440.00000000 50028.24067824785503333 0.10000 7 
 fake.rf 1440.00000000 50041.89962703599941207 0.10000 7 
 fake.rf 1440.00000000 50055.75796105310280026 0.10000 7 
 fake.rf 1440.00000000 50069.74185105665810624 0.10000 7 
 fake.rf 1440.00000000 50084.06440929935832074 0.10000 7 
 fake.rf 1440.00000000 50097.89592688051348546 0.10000 7 
 fake.rf 1440.00000000 50111.90731831580056266 0.10000 7 
 fake.rf 1440.00000000 50125.78685970086769785 0.10000 7 
 fake.rf 1440.00000000 50139.61683474011252670 0.10000 7 
 fake.rf 1440.00000000 50153.72433400745709164 0.10000 7 
 fake.rf 1440.00000000 50167.52591137702087920 0.10000 7 
 fake.rf 1440.00000000 50181.77158042751474554 0.10000 7 
 fake.rf 1440.00000000 50195.88942882891088360 0.10000 7 
 fake.rf 1440.00000000 50209.70035817013808810 0.10000 7 
 fake.rf 1440.00000000 50223.59509143470307180 0.10000 7 
 fake.rf 1440.00000000 50237.44146058726616033 0.10000 7 
 fake.rf 1440.00000000 50251.56963599449040458 0.10000 7 
 fake.rf 1440.00000000 50265.35253269316287472 0.10000 7 
 fake.rf 1440.00000000 50279.56134989890809095 0.10000 7 
 fake.rf 1440.00000000 50293.22788252189480929 0.10000 7 
 fake.rf 1440.00000000 50307.33040501806220135 0.10000 7 
 fake.rf 1440.00000000 50321.08194165280923826 0.10000 7 
 fake.rf 1440.00000000 50335.14896919604634462 0.10000 7 
 fake.rf 1440.00000000 50349.23755020605365829 0.10000 7 
 fake.rf 1440.00000000 50363.04273496404144339 0.10000 7 
 fake.rf 1440.00000000 50376.99370507071074243 0.10000 7 
 fake.rf 1440.00000000 50391.20741364506383775 0.10000 7 
 fake.rf 1440.00000000 50405.28710208317867014 0.10000 7 
 fake.rf 1440.00000000 50418.99602427147501160 0.10000 7 
 fake.rf 1440.00000000 50433.27952710262358949 0.10000 7 
 fake.rf 1440.00000000 50446.96426818658146018 0.10000 7 
 fake.rf 1440.00000000 50460.70456664264811053 0.10000 7 
 fake.rf 1440.00000000 50474.68524428088319311 0.10000 7 
 fake.rf 1440.00000000 50488.93321210962226786 0.10000 7 
 fake.rf 1440.00000000 50502.69562668687099460 0.10000 7 
 fake.rf 1440.00000000 50517.03708860743148179 0.10000 7 
 fake.rf 1440.00000000 50530.48813339438363101 0.10000 7 
 fake.rf 1440.00000000 50544.96683205731435251 0.10000 7 
 fake.rf 1440.00000000 50558.55939491734608282 0.10000 7 
 fake.rf 1440.00000000 50572.54530744419025723 0.10000 7 
 fake.rf 1440.00000000 50586.50306478851182845 0.10000 7 
 fake.rf 1440.00000000 50600.60209762943757283 0.10000 7 
 fake.rf 1440.00000000 50614.20523869600490841 0.10000 7 
 fake.rf 1440.00000000 50628.31907048024188711 0.10000 7 
 fake.rf 1440.00000000 50642.26725879076935399 0.10000 7 
 fake.rf 1440.00000000 50656.47002584528158309 0.10000 7 
 fake.rf 1440.00000000 50670.46845278022301073 0.10000 7 
 fake.rf 1440.00000000 50684.58304249258784324 0.10000 7 
 fake.rf 1440.00000000 50697.94026579768706142 0.10000 7 
 fake.rf 1440.00000000 50712.18573604860983295 0.10000 7 
 fake.rf 1440.00000000 50726.00508439839097008 0.10000 7 
 fake.rf 1440.00000000 50740.16972280743105728 0.10000 7 
 fake.rf 1440.00000000 50754.20495579578233247 0.10000 7 
 fake.rf 1440.00000000 50768.12955785424751554 0.10000 7 
 fake.rf 1440.00000000 50781.75433661627014814 0.10000 7 
 fake.rf 1440.00000000 50796.29964724272155152 0.10000 7 
 fake.rf 1440.00000000 50810.21344534416083505 0.10000 7 
 fake.rf 1440.00000000 50824.09015870712651974 0.10000 7 
 fake.rf 1440.00000000 50838.08671712032070999 0.10000 7 
 fake.rf 1440.00000000 50851.74766355171800569 0.10000 7 
 fake.rf 1440.00000000 50865.94610583592238484 0.10000 7 
 fake.rf 1440.00000000 50879.66563141723423769 0.10000 7 
 fake.rf 1440.00000000 50893.77176899639087537 0.10000 7 
 fake.rf 1440.00000000 50907.98911499199334330 0.10000 7 
 fake.rf 1440.00000000 50921.32816774219504907 0.10000 7 
 fake.rf 1440.00000000 50935.90161265609896546 0.10000 7 
 fake.rf 1440.00000000 50949.83198003914874619 0.10000 7 
 fake.rf 1440.00000000 50963.32697031985803093 0.10000 7 
 fake.rf 1440.00000000 50977.75067328368523789 0.10000 7 
 fake.rf 1440.00000000 50991.31182952260122576 0.10000 7 
 fake.rf 1440.00000000 51005.49762509255992526 0.10000 7 
 fake.rf 1440.00000000 51019.25064481666866456 0.10000 7 
 fake.rf 1440.00000000 51033.61572664620856088 0.10000 7 
 fake.rf 1440.00000000 51047.44288933192366997 0.10000 7 
 fake.rf 1440.00000000 51061.34796688912337004 0.10000 7 
 fake.rf 1440.00000000 51075.03279644170771334 0.10000 7 
 fake.rf 1440.00000000 51089.10095224624033605 0.10000 7 
 fake.rf 1440.00000000 51103.04268287752575972 0.10000 7 
 fake.rf 1440.00000000 51116.88032809928933276 0.10000 7 
 fake.rf 1440.00000000 51131.01059992721863878 0.10000 7 
 fake.rf 1440.00000000 51145.23602688079387946 0.10000 7 
 fake.rf 1440.00000000 51158.93124665049689881 0.10000 7 
 fake.rf 1440.00000000 51173.26438292419823028 0.10000 7 
 fake.rf 1440.00000000 51186.89660232317897481 0.10000 7 
 fake.rf 1440.00000000 51200.55465008146071426 0.10000 7 
 fake.rf 1440.00000000 51214.55079126090494057 0.10000 7 
 fake.rf 1440.00000000 51228.76654722403603159 0.10000 7 
 fake.rf 1440.00000000 51243.04328587429251485 0.10000 7 
 fake.rf 1440.00000000 51256.95436656154695143 0.10000 7 
 fake.rf 1440.00000000 51270.53824034658326525 0.10000 7 
 fake.rf 1440.00000000 51284.51415141780010387 0.10000 7 
 fake.rf 1440.00000000 51298.66190038433837373 0.10000 7 
 fake.rf 1440.00000000 51312.67019253007700286 0.10000 7 
 fake.rf 1440.00000000 51326.79046732457442559 0.10000 7 
 fake.rf 1440.00000000 51340.52712173997851863 0.10000 7 
 fake.rf 1440.00000000 51354.57935924756868573 0.10000 7 
 fake.rf 1440.00000000 51368.64463837503263477 0.10000 7 
 fake.rf 1440.00000000 51382.34988621811901766 0.10000 7 
 fake.rf 1440.00000000 51396.60200680039959309 0.10000 7 
 fake.rf 1440.00000000 51410.46254834659934474 0.10000 7 
 fake.rf 1440.00000000 51424.43384505441975563 0.10000 7 
 fake.rf 1440.00000000 51438.24332060715469339 0.10000 7 
 fake.rf 1440.00000000 51451.89510789568247873 0.10000 7 
 fake.rf 1440.00000000 51466.26971250045674466 0.10000 7 
 fake.rf 1440.00000000 51479.94457687528456447 0.10000 7 
 fake.rf 1440.00000000 51494.20633452662007201 0.10000 7 
 fake.rf 1440.00000000 51508.30399471486502350 0.10000 7 
 fake.rf 1440.00000000 51522.08524094934338677 0.10000 7 
 fake.rf 1440.00000000 51535.66028855012639909 0.10000 7 
 fake.rf 1440.00000000 51549.63382009246942772 0.10000 7 
 fake.rf 1440.00000000 51563.58356424178301580 0.10000 7 
 fake.rf 1440.00000000 51578.08893151458338977 0.10000 7 
 fake.rf 1440.00000000 51591.79590881194458518 0.10000 7 
 fake.rf 1440.00000000 51605.45034874838539807 0.10000 7 
 fake.rf 1440.00000000 51619.62616142174148948 0.10000 7 
 fake.rf 1440.00000000 51633.69607920293649173 0.10000 7 
 fake.rf 1440.00000000 51647.38488636598027171 0.10000 7 
 fake.rf 1440.00000000 51661.81468113992240276 0.10000 7 
 fake.rf 1440.00000000 51675.53289694022305767 0.10000 7 
 fake.rf 1440.00000000 51689.83767748375997542 0.10000 7 
 fake.rf 1440.00000000 51703.22290546042974313 0.10000 7 
 fake.rf 1440.00000000 51717.62192514702054780 0.10000 7 
 fake.rf 1440.00000000 51731.44601401768073856 0.10000 7 
 fake.rf 1440.00000000 51745.54442683890655275 0.10000 7 
 fake.rf 1440.00000000 51759.43528065213702760 0.10000 7 
 fake.rf 1440.00000000 51773.03425010215387303 0.10000 7 
 fake.rf 1440.00000000 51787.22312649954195862 0.10000 7 
 fake.rf 1440.00000000 51801.21748557492661291 0.10000 7 
 fake.rf 1440.00000000 51815.22659552513803760 0.10000 7 
 fake.rf 1440.00000000 51829.03915185352152761 0.10000 7 
 fake.rf 1440.00000000 51842.93227854612671734 0.10000 7 
 fake.rf 1440.00000000 51856.95091124571796470 0.10000 7 
 fake.rf 1440.00000000 51871.27783599530765102 0.10000 7 
 fake.rf 1440.00000000 51884.86097605674910938 0.10000 7 
 fake.rf 1440.00000000 51899.29243936377323720 0.10000 7 
 fake.rf 1440.00000000 51912.66578793259400726 0.10000 7 
 fake.rf 1440.00000000 51927.21557827306373056 0.10000 7 
 fake.rf 1440.00000000 51941.11626121735304906 0.10000 7 
 fake.rf 1440.00000000 51954.97574868519041047 0.10000 7 
 fake.rf 1440.00000000 51968.47214604833552798 0.10000 7 
 fake.rf 1440.00000000 51983.05125327479528607 0.10000 7 
 fake.rf 1440.00000000 51996.89871107018226226 0.10000 7 
 fake.rf 1440.00000000 52010.93870175925121657 0.10000 7 
 fake.rf 1440.00000000 52024.59634568898873752 0.10000 7 
 fake.rf 1440.00000000 52038.80313603824494351 0.10000 7 
 fake.rf 1440.00000000 52052.39049878897962031 0.10000 7 
 fake.rf 1440.00000000 52066.82295334265543829 0.10000 7 
 fake.rf 1440.00000000 52080.75677688150162581 0.10000 7 
 fake.rf 1440.00000000 52094.14549376159759220 0.10000 7 
 fake.rf 1440.00000000 52108.33439020309928225 0.10000 7 
 fake.rf 1440.00000000 52122.61122032529673831 0.10000 7 
 fake.rf 1440.00000000 52136.09005800437151379 0.10000 7 
 fake.rf 1440.00000000 52150.04953349526358153 0.10000 7 
 fake.rf 1440.00000000 52164.18867858410147420 0.10000 7 
 fake.rf 1440.00000000 52178.47082171634915682 0.10000 7 
 fake.rf 1440.00000000 52192.35937715510958412 0.10000 7 
 fake.rf 1440.00000000 52206.13571780849108706 0.10000 7 
 fake.rf 1440.00000000 52219.97829667491902939 0.10000 7 
 fake.rf 1440.00000000 52233.89943719580863046 0.10000 7 
 fake.rf 1440.00000000 52247.72311385953844365 0.10000 7 
 fake.rf 1440.00000000 52262.08314189736320188 0.10000 7 
 fake.rf 1440.00000000 52275.93563519238986004 0.10000 7 
 fake.rf 1440.00000000 52289.81617059892169053 0.10000 7 
 fake.rf 1440.00000000 52303.87468280672014842 0.10000 7 
 fake.rf 1440.00000000 52318.01520877533035403 0.10000 7 
 fake.rf 1440.00000000 52331.69876699526421859 0.10000 7 
 fake.rf 1440.00000000 52345.83552035320882112 0.10000 7 
 fake.rf 1440.00000000 52359.89739621180411078 0.10000 7 
 fake.rf 1440.00000000 52373.51986338345281169 0.10000 7 
 fake.rf 1440.00000000 52387.55433040903859165 0.10000 7 
 fake.rf 1440.00000000 52401.81749626257346009 0.10000 7 
 fake.rf 1440.00000000 52415.39063011012862958 0.10000 7 
 fake.rf 1440.00000000 52429.31078088688816052 0.10000 7 
 fake.rf 1440.00000000 52443.65216349136332852 0.10000 7 
 fake.rf 1440.00000000 52457.58783398342933424 0.10000 7 
 fake.rf 1440.00000000 52471.08633454476628444 0.10000 7 
 fake.rf 1440.00000000 52485.05330605734290828 0.10000 7 
 fake.rf 1440.00000000 52499.45965714346453623 0.10000 7 
 fake.rf 1440.00000000 52513.59687400274714264 0.10000 7 
 fake.rf 1440.00000000 52526.99078843473254352 0.10000 7 
 fake.rf 1440.00000000 52540.95759532613617182 0.10000 7 
 fake.rf 1440.00000000 52555.40986840356264054 0.10000 7 
 fake.rf 1440.00000000 52568.98751318484925221 0.10000 7 
 fake.rf 1440.00000000 52582.95202172514890648 0.10000 7 
 fake.rf 1440.00000000 52596.91499931704067095 0.10000 7 
 fake.rf 1440.00000000 52610.81301325886073883 0.10000 7 
 fake.rf 1440.00000000 52624.70430320841373373 0.10000 7 
 fake.rf 1440.00000000 52639.14851414337619673 0.10000 7 
 fake.rf 1440.00000000 52652.92733317617245703 0.10000 7 
 fake.rf 1440.00000000 52666.77798970353151020 0.10000 7 
 fake.rf 1440.00000000 52681.08410336903606819 0.10000 7 
 fake.rf 1440.00000000 52694.59450982774594152 0.10000 7 
 fake.rf 1440.00000000 52709.00255237157668020 0.10000 7 
 fake.rf 1440.00000000 52722.56076079678120649 0.10000 7 
 fake.rf 1440.00000000 52736.83457215723664646 0.10000 7 
 fake.rf 1440.00000000 52750.75470008481198647 0.10000 7 
 fake.rf 1440.00000000 52764.70135953649900884 0.10000 7 
 fake.rf 1440.00000000 52778.48348367226160605 0.10000 7 
 fake.rf 1440.00000000 52792.50371345580223092 0.10000 7 
 fake.rf 1440.00000000 52806.77773282620285755 0.10000 7 
 fake.rf 1440.00000000 52820.63255006865359320 0.10000 7 
 fake.rf 1440.00000000 52834.28750511101127074 0.10000 7 
 fake.rf 1440.00000000 52848.17288429320601040 0.10000 7 
 fake.rf 1440.00000000 52862.65274512191039946 0.10000 7 
 fake.rf 1440.00000000 52876.02064224189671648 0.10000 7 
 fake.rf 1440.00000000 52890.54658471917685247 0.10000 7 
 fake.rf 1440.00000000 52903.89650549488806774 0.10000 7 
 fake.rf 1440.00000000 52917.93626678411720121 0.10000 7 
 fake.rf 1440.00000000 52932.24011969503171215 0.10000 7 
 fake.rf 1440.00000000 52945.76548333337800756 0.10000 7 
 fake.rf 1440.00000000 52959.90405186047821928 0.10000 7 
 fake.rf 1440.00000000 52974.21293779335827878 0.10000 7 
 fake.rf 1440.00000000 52988.22880057532668729 0.10000 7 
 fake.rf 1440.00000000 53001.98323995206392567 0.10000 7 
