FORMAT 1
 fake.rf 1440.00000000 50000.18458281370715923 0.10000 7 
 fake.rf 1440.00000000 50014.14556937038236839 0.10000 7 
 fake.rf 1440.00000000 50027.97014652752621799 0.10000 7 
 fake.rf 1440.00000000 50041.86941445384131555 0.10000 7 
 fake.rf 1440.00000000 50055.74531740114501943 0.10000 7 
 fake.rf 1440.00000000 50070.30091862560087890 0.10000 7 
 fake.rf 1440.00000000 50083.71094436374519532 0.10000 7 
 fake.rf 1440.00000000 50097.75418787970472323 0.10000 7 
 fake.rf 1440.00000000 50111.61439044193829773 0.10000 7 
 fake.rf 1440.00000000 50125.75156655810997108 0.10000 7 
 fake.rf 1440.00000000 50139.74243858258748929 0.10000 7 
 fake.rf 1440.00000000 50153.78407290459719547 0.10000 7 
 fake.rf 1440.00000000 50168.03344314081913069 0.10000 7 
 fake.rf 1440.00000000 50181.93568697902975018 0.10000 7 
 fake.rf 1440.00000000 50195.59088933267508637 0.10000 7 
 fake.rf 1440.00000000 50209.32392379863868470 0.10000 7 
 fake.rf 1440.00000000 50223.46934671461502475 0.10000 7 
 fake.rf 1440.00000000 50237.66033825087015430 0.10000 7 
 fake.rf 1440.00000000 50251.19248906940043398 0.10000 7 
 fake.rf 1440.00000000 50265.55451866050473342 0.10000 7 
 fake.rf 1440.00000000 50279.51355994393805560 0.10000 7 
 fake.rf 1440.00000000 50293.07415055643825141 0.10000 7 
 fake.rf 1440.00000000 50307.58756502820688539 0.10000 7 
 fake.rf 1440.00000000 50321.36128202331545367 0.10000 7 
 fake.rf 1440.00000000 50335.30786449106832592 0.10000 7 
 fake.rf 1440.00000000 50349.00053699292613629 0.10000 7 
 fake.rf 1440.00000000 50363.04329692911984040 0.10000 7 
 fake.rf 1440.00000000 50377.14244942233366231 0.10000 7 
 fake.rf 1440.00000000 50391.16369239539364600 0.10000 7 
 fake.rf 1440.00000000 50405.04397578001237079 0.10000 7 
 fake.rf 1440.00000000 50419.28443845621227126 0.10000 7 
 fake.rf 1440.00000000 50432.69260721250819657 0.10000 7 
 fake.rf 1440.00000000 50447.23876980187793251 0.10000 7 
 fake.rf 1440.00000000 50460.67536908545196539 0.10000 7 
 fake.rf 1440.00000000 50474.68769839425505097 0.10000 7 
 fake.rf 1440.00000000 50489.14798996960294986 0.10000 7 
 fake.rf 1440.00000000 50502.51174974369021342 0.10000 7 
 fake.rf 1440.00000000 50516.63899768152605319 0.10000 7 
 fake.rf 1440.00000000 50530.51409225730343167 0.10000 7 
 fake.rf 1440.00000000 50544.44294735794410300 0.10000 7 
 fake.rf 1440.00000000 50558.74559753716656374 0.10000 7 
 fake.rf 1440.00000000 50572.64978997349982492 0.10000 7 
 fake.rf 1440.00000000 50586.65850541464719825 0.10000 7 
 fake.rf 1440.00000000 50600.58208536722368009 0.10000 7 
 fake.rf 1440.00000000 50614.42674773692043999 0.10000 7 
 fake.rf 1440.00000000 50628.79555837455667344 0.10000 7 
 fake.rf 1440.00000000 50642.49039867611514509 0.10000 7 
 fake.rf 1440.00000000 50656.51871010932703854 0.10000 7 
 fake.rf 1440.00000000 50670.45007148687735921 0.10000 7 
 fake.rf 1440.00000000 50684.38195546369109223 0.10000 7 
 fake.rf 1440.00000000 50698.14385604212851177 0.10000 7 
 fake.rf 1440.00000000 50712.07248469838402372 0.10000 7 
 fake.rf 1440.00000000 50726.26985189072553695 0.10000 7 
 fake.rf 1440.00000000 50739.91672652826286338 0.10000 7 
 fake.rf 1440.00000000 50754.32396493687487293 0.10000 7 
 fake.rf 1440.00000000 50767.83947401100608587 0.10000 7 
 fake.rf 1440.00000000 50781.88391369987667190 0.10000 7 
 fake.rf 1440.00000000 50795.70547148619226618 0.10000 7 
 fake.rf 1440.00000000 50810.02502572665607872 0.10000 7 
 fake.rf 1440.00000000 50824.12893454627938894 0.10000 7 
 fake.rf 1440.00000000 50837.86900175939798885 0.10000 7 
 fake.rf 1440.00000000 50851.80057802963546720 0.10000 7 
 fake.rf 1440.00000000 50866.01754834965148078 0.10000 7 
 fake.rf 1440.00000000 50879.67533752742768272 0.10000 7 
 fake.rf 1440.00000000 50893.74840574736251497 0.10000 7 
 fake.rf 1440.00000000 50908.01593158984687193 0.10000 7 
 fake.rf 1440.00000000 50921.50557188165579703 0.10000 7 
 fake.rf 1440.00000000 50935.64729253644364704 0.10000 7 
 fake.rf 1440.00000000 50949.41362568218108464 0.10000 7 
 fake.rf 1440.00000000 50963.48325306870260221 0.10000 7 
 fake.rf 1440.00000000 50977.59205496019373882 0.10000 7 
 fake.rf 1440.00000000 50991.69926434675399918 0.10000 7 
 fake.rf 1440.00000000 51005.71131041721294963 0.10000 7 
 fake.rf 1440.00000000 51019.20038698380026787 0.10000 7 
 fake.rf 1440.00000000 51033.26940250691926337 0.10000 7 
 fake.rf 1440.00000000 51047.16433710394517576 0.10000 7 
 fake.rf 1440.00000000 51061.06045034893388390 0.10000 7 
 fake.rf 1440.00000000 51075.52919895542864026 0.10000 7 
 fake.rf 1440.00000000 51089.49067094261523181 0.10000 7 
 fake.rf 1440.00000000 51103.35637168184064194 0.10000 7 
 fake.rf 1440.00000000 51117.12856344698276700 0.10000 7 
 fake.rf 1440.00000000 51130.89016215446843105 0.10000 7 
 fake.rf 1440.00000000 51145.38938427527993014 0.10000 7 
 fake.rf 1440.00000000 51158.73050278038515870 0.10000 7 
 fake.rf 1440.00000000 51172.84386868622280531 0.10000 7 
 fake.rf 1440.00000000 51187.12188852461632038 0.10000 7 
 fake.rf 1440.00000000 51200.68340890425669443 0.10000 7 
 fake.rf 1440.00000000 51214.87944058751517318 0.10000 7 
 fake.rf 1440.00000000 51229.01724434944398112 0.10000 7 
 fake.rf 1440.00000000 51242.93654505407968713 0.10000 7 
 fake.rf 1440.00000000 51256.60804495689021110 0.10000 7 
 fake.rf 1440.00000000 51270.52414210685565976 0.10000 7 
 fake.rf 1440.00000000 51284.41324493120209738 0.10000 7 
 fake.rf 1440.00000000 51298.33994139224674313 0.10000 7 
 fake.rf 1440.00000000 51312.61872043847487035 0.10000 7 
 fake.rf 1440.00000000 51326.61911741591032410 0.10000 7 
 fake.rf 1440.00000000 51340.85156573414489856 0.10000 7 
 fake.rf 1440.00000000 51354.65821110802154337 0.10000 7 
 fake.rf 1440.00000000 51368.17188821031656332 0.10000 7 
 fake.rf 1440.00000000 51382.20889584812686834 0.10000 7 
 fake.rf 1440.00000000 51396.12339479039959755 0.10000 7 
 fake.rf 1440.00000000 51410.45076628602020108 0.10000 7 
 fake.rf 1440.00000000 51424.63320943424091425 0.10000 7 
 fake.rf 1440.00000000 51438.59798060565749722 0.10000 7 
 fake.rf 1440.00000000 51452.45265481744521452 0.10000 7 
 fake.rf 1440.00000000 51466.07567278891925255 0.10000 7 
 fake.rf 1440.00000000 51479.97360441687563792 0.10000 7 
 fake.rf 1440.00000000 51494.42928473731865324 0.10000 7 
 fake.rf 1440.00000000 51507.89261075932039091 0.10000 7 
 fake.rf 1440.00000000 51521.79024044931824733 0.10000 7 
 fake.rf 1440.00000000 51536.14984760160460198 0.10000 7 
 fake.rf 1440.00000000 51550.09025805429369171 0.10000 7 
 fake.rf 1440.00000000 51563.78771260397065745 0.10000 7 
 fake.rf 1440.00000000 51578.01810114427647136 0.10000 7 
 fake.rf 1440.00000000 51592.00452294341834047 0.10000 7 
 fake.rf 1440.00000000 51605.85356940080905730 0.10000 7 
 fake.rf 1440.00000000 51619.73353729186056427 0.10000 7 
 fake.rf 1440.00000000 51633.98637220807941262 0.10000 7 
 fake.rf 1440.00000000 51647.40300970682022452 0.10000 7 
 fake.rf 1440.00000000 51661.45900738217479287 0.10000 7 
 fake.rf 1440.00000000 51675.66936910709288000 0.10000 7 
 fake.rf 1440.00000000 51689.46239936330364984 0.10000 7 
 fake.rf 1440.00000000 51703.47272008825444445 0.10000 7 
 fake.rf 1440.00000000 51717.61041060169332084 0.10000 7 
 fake.rf 1440.00000000 51731.36836332681836836 0.10000 7 
 fake.rf 1440.00000000 51745.69568938462366248 0.10000 7 
 fake.rf 1440.00000000 51759.20533633437657883 0.10000 7 
 fake.rf 1440.00000000 51773.23396344536223168 0.10000 7 
 fake.rf 1440.00000000 51787.40616081102189128 0.10000 7 
 fake.rf 1440.00000000 51801.13437758995537408 0.10000 7 
 fake.rf 1440.00000000 51815.23823834347333062 0.10000 7 
 fake.rf 1440.00000000 51829.36316075638711354 0.10000 7 
 fake.rf 1440.00000000 51843.45697527714796138 0.10000 7 
 fake.rf 1440.00000000 51857.11483863050770893 0.10000 7 
 fake.rf 1440.00000000 51871.24275799625374361 0.10000 7 
 fake.rf 1440.00000000 51885.22947288316269265 0.10000 7 
 fake.rf 1440.00000000 51899.21524690504351085 0.10000 7 
 fake.rf 1440.00000000 51913.27932404972132474 0.10000 7 
 fake.rf 1440.00000000 51927.09327857115828309 0.10000 7 
 fake.rf 1440.00000000 51940.58060469445548435 0.10000 7 
 fake.rf 1440.00000000 51954.58053760213594430 0.10000 7 
 fake.rf 1440.00000000 51968.79232528754587150 0.10000 7 
 fake.rf 1440.00000000 51982.92495480079243464 0.10000 7 
 fake.rf 1440.00000000 51996.66056807562410569 0.10000 7 
 fake.rf 1440.00000000 52010.47430389621516511 0.10000 7 
 fake.rf 1440.00000000 52024.63158122802321515 0.10000 7 
 fake.rf 1440.00000000 52038.92113363301849915 0.10000 7 
 fake.rf 1440.00000000 52052.65306339604708796 0.10000 7 
 fake.rf 1440.00000000 52066.43473496246864229 0.10000 7 
 fake.rf 1440.00000000 52080.17915104754178302 0.10000 7 
 fake.rf 1440.00000000 52094.67197130968583352 0.10000 7 
 fake.rf 1440.00000000 52108.70223056654340965 0.10000 7 
 fake.rf 1440.00000000 52122.27790295641820961 0.10000 7 
 fake.rf 1440.00000000 52136.15260347330010404 0.10000 7 
 fake.rf 1440.00000000 52150.35877924855821064 0.10000 7 
 fake.rf 1440.00000000 52164.39729714159488339 0.10000 7 
 fake.rf 1440.00000000 52177.97088301487410078 0.10000 7 
 fake.rf 1440.00000000 52192.39159845879958155 0.10000 7 
 fake.rf 1440.00000000 52206.49696967689944671 0.10000 7 
 fake.rf 1440.00000000 52220.28097878848456048 0.10000 7 
 fake.rf 1440.00000000 52233.80147053387567269 0.10000 7 
 fake.rf 1440.00000000 52248.04892859482671952 0.10000 7 
 fake.rf 1440.00000000 52261.99608612549860354 0.10000 7 
 fake.rf 1440.00000000 52275.64861847017897389 0.10000 7 
 fake.rf 1440.00000000 52290.25883249418926013 0.10000 7 
 fake.rf 1440.00000000 52303.70546902001312972 0.10000 7 
 fake.rf 1440.00000000 52318.04960886827295852 0.10000 7 
 fake.rf 1440.00000000 52332.01715637145862914 0.10000 7 
 fake.rf 1440.00000000 52345.56609612397360820 0.10000 7 
 fake.rf 1440.00000000 52359.76241645804087455 0.10000 7 
 fake.rf 1440.00000000 52373.92218302566155685 0.10000 7 
 fake.rf 1440.00000000 52387.50928149500050068 0.10000 7 
 fake.rf 1440.00000000 52401.95561580743498808 0.10000 7 
 fake.rf 1440.00000000 52415.61957101227045541 0.10000 7 
 fake.rf 1440.00000000 52429.64717574673292333 0.10000 7 
 fake.rf 1440.00000000 52443.27880510038812645 0.10000 7 
 fake.rf 1440.00000000 52457.80493035841677951 0.10000 7 
 fake.rf 1440.00000000 52471.49364700990700072 0.10000 7 
 fake.rf 1440.00000000 52485.56209893571873337 0.10000 7 
 fake.rf 1440.00000000 52499.24145510013812554 0.10000 7 
 fake.rf 1440.00000000 52513.37948054895658956 0.10000 7 
 fake.rf 1440.00000000 52527.31231220662196435 0.10000 7 
 fake.rf 1440.00000000 52541.06015363295805898 0.10000 7 
 fake.rf 1440.00000000 52555.47874423504920571 0.10000 7 
 fake.rf 1440.00000000 52569.32450232900310283 0.10000 7 
 fake.rf 1440.00000000 52583.31674573039199316 0.10000 7 
 fake.rf 1440.00000000 52597.14541360896066635 0.10000 7 
 fake.rf 1440.00000000 52611.26965033047500953 0.10000 7 
 fake.rf 1440.00000000 52625.05416845005983006 0.10000 7 
 fake.rf 1440.00000000 52639.02643376408661879 0.10000 7 
 fake.rf 1440.00000000 52652.97290552938050467 0.10000 7 
 fake.rf 1440.00000000 52666.98280824027388292 0.10000 7 
 fake.rf 1440.00000000 52680.57409097160591571 0.10000 7 
 fake.rf 1440.00000000 52694.50594642128831069 0.10000 7 
 fake.rf 1440.00000000 52708.87327404637172634 0.10000 7 
 fake.rf 1440.00000000 52722.44633023391212845 0.10000 7 
 fake.rf 1440.00000000 52736.52971506891453757 0.10000 7 
 fake.rf 1440.00000000 52750.61274185308964491 0.10000 7 
 fake.rf 1440.00000000 52764.85823843460224225 0.10000 7 
 fake.rf 1440.00000000 52778.52878884678611016 0.10000 7 
 fake.rf 1440.00000000 52792.84636212655165721 0.10000 7 
 fake.rf 1440.00000000 52806.62318459697610606 0.10000 7 
 fake.rf 1440.00000000 52820.58572624075299018 0.10000 7 
 fake.rf 1440.00000000 52834.72119326061269007 0.10000 7 
 fake.rf 1440.00000000 52848.20019689998167678 0.10000 7 
 fake.rf 1440.00000000 52862.22856938489025680 0.10000 7 
 fake.rf 1440.00000000 52876.03389204705829840 0.10000 7 
 fake.rf 1440.00000000 52890.07724682031321350 0.10000 7 
 fake.rf 1440.00000000 52904.49922864435801273 0.10000 7 
 fake.rf 1440.00000000 52918.41122924124083227 0.10000 7 
 fake.rf 1440.00000000 52932.17216648595354656 0.10000 7 
 fake.rf 1440.00000000 52946.10373308782358137 0.10000 7 
 fake.rf 1440.00000000 52959.98679136283769253 0.10000 7 
 fake.rf 1440.00000000 52974.20046275793735546 0.10000 7 
 fake.rf 1440.00000000 52987.92217943330188135 0.10000 7 
 fake.rf 1440.00000000 53001.68922182451646563 0.10000 7 
