FORMAT 1
 fake.rf 1440.00000000 49999.93020861992616943 0.10000 7 
 fake.rf 1440.00000000 50013.94727504503409676 0.10000 7 
 fake.rf 1440.00000000 50028.30462111135469172 0.10000 7 
 fake.rf 1440.00000000 50041.87909095183448827 0.10000 7 
 fake.rf 1440.00000000 50056.37859439878993228 0.10000 7 
 fake.rf 1440.00000000 50069.88631884722329346 0.10000 7 
 fake.rf 1440.00000000 50084.01633800858562040 0.10000 7 
 fake.rf 1440.00000000 50098.19351449752454286 0.10000 7 
 fake.rf 1440.00000000 50111.91653809016005283 0.10000 7 
 fake.rf 1440.00000000 50125.82615918815654865 0.10000 7 
 fake.rf 1440.00000000 50139.59977023007395758 0.10000 7 
 fake.rf 1440.00000000 50153.63483120717375741 0.10000 7 
 fake.rf 1440.00000000 50167.50280636774748544 0.10000 7 
 fake.rf 1440.00000000 50181.92796949207320978 0.10000 7 
 fake.rf 1440.00000000 50195.78338073943718811 0.10000 7 
 fake.rf 1440.00000000 50209.70981181202754229 0.10000 7 
 fake.rf 1440.00000000 50223.78055361919838262 0.10000 7 
 fake.rf 1440.00000000 50237.52900817295194003 0.10000 7 
 fake.rf 1440.00000000 50251.81528707866499062 0.10000 7 
 fake.rf 1440.00000000 50265.80963414536470424 0.10000 7 
 fake.rf 1440.00000000 50279.40950891365991282 0.10000 7 
 fake.rf 1440.00000000 50293.10191097166351071 0.10000 7 
 fake.rf 1440.00000000 50307.66042656910602204 0.10000 7 
 fake.rf 1440.00000000 50321.31511480859631646 0.10000 7 
 fake.rf 1440.00000000 50335.08550422119985512 0.10000 7 
 fake.rf 1440.00000000 50349.31943219819985913 0.10000 7 
 fake.rf 1440.00000000 50363.20437682447624894 0.10000 7 
 fake.rf 1440.00000000 50377.15156082842594287 0.10000 7 
 fake.rf 1440.00000000 50391.06593413435549422 0.10000 7 
 fake.rf 1440.00000000 50405.00496758361232708 0.10000 7 
 fake.rf 1440.00000000 50418.74481701832117864 0.10000 7 
 fake.rf 1440.00000000 50433.00903686183415431 0.10000 7 
 fake.rf 1440.00000000 50447.00336278679376889 0.10000 7 
 fake.rf 1440.00000000 50461.13878439226953532 0.10000 7 
 fake.rf 1440.00000000 50475.01570015521718915 0.10000 7 
 fake.rf 1440.00000000 50488.88108891261646605 0.10000 7 
 fake.rf 1440.00000000 50502.56246099684042505 0.10000 7 
 fake.rf 1440.00000000 50516.60762199274496353 0.10000 7 
 fake.rf 1440.00000000 50530.68841330868699302 0.10000 7 
 fake.rf 1440.00000000 50544.79770171902845988 0.10000 7 
 fake.rf 1440.00000000 50558.79070990183817358 0.10000 7 
 fake.rf 1440.00000000 50572.68333834028601359 0.10000 7 
 fake.rf 1440.00000000 50586.86591375864759712 0.10000 7 
 fake.rf 1440.00000000 50600.76512320957055735 0.10000 7 
 fake.rf 1440.00000000 50614.45447415261352830 0.10000 7 
 fake.rf 1440.00000000 50628.53068688689487331 0.10000 7 
 fake.rf 1440.00000000 50642.39455343941959597 0.10000 7 
 fake.rf 1440.00000000 50656.19287228921617583 0.10000 7 
 fake.rf 1440.00000000 50670.05576568065751886 0.10000 7 
 fake.rf 1440.00000000 50684.24413716331323698 0.10000 7 
 fake.rf 1440.00000000 50698.07502917054988956 0.10000 7 
 fake.rf 1440.00000000 50712.24269004692740737 0.10000 7 
 fake.rf 1440.00000000 50726.16168962064538661 0.10000 7 
 fake.rf 1440.00000000 50739.92265664904160616 0.10000 7 
 fake.rf 1440.00000000 50754.44989851577717133 0.10000 7 
 fake.rf 1440.00000000 50768.17751360024859508 0.10000 7 
 fake.rf 1440.00000000 50782.21063465935224102 0.10000 7 
 fake.rf 1440.00000000 50795.99438053081419753 0.10000 7 
 fake.rf 1440.00000000 50809.70740565866521621 0.10000 7 
 fake.rf 1440.00000000 50823.69312608158565325 0.10000 7 
 fake.rf 1440.00000000 50838.12079814435095670 0.10000 7 
 fake.rf 1440.00000000 50851.61189876892884243 0.10000 7 
 fake.rf 1440.00000000 50865.90006511923159138 0.10000 7 
 fake.rf 1440.00000000 50879.69362250754075916 0.10000 7 
 fake.rf 1440.00000000 50894.02503747687878644 0.10000 7 
 fake.rf 1440.00000000 50907.56167896873302325 0.10000 7 
 fake.rf 1440.00000000 50921.92551789524425487 0.10000 7 
 fake.rf 1440.00000000 50935.97653096425141683 0.10000 7 
 fake.rf 1440.00000000 50949.59655955274498496 0.10000 7 
 fake.rf 1440.00000000 50963.41274919147204514 0.10000 7 
 fake.rf 1440.00000000 50977.61127672753084283 0.10000 7 
 fake.rf 1440.00000000 50991.26253956072994811 0.10000 7 
 fake.rf 1440.00000000 51005.67625031650086598 0.10000 7 
 fake.rf 1440.00000000 51019.42891272061571684 0.10000 7 
 fake.rf 1440.00000000 51033.68427772664566788 0.10000 7 
 fake.rf 1440.00000000 51047.15889885038448526 0.10000 7 
 fake.rf 1440.00000000 51061.02600007812483796 0.10000 7 
 fake.rf 1440.00000000 51075.18345771804812472 0.10000 7 
 fake.rf 1440.00000000 51089.16129040638669778 0.10000 7 
 fake.rf 1440.00000000 51102.92951104798487094 0.10000 7 
 fake.rf 1440.00000000 51117.31356623530412264 0.10000 7 
 fake.rf 1440.00000000 51131.16051698684666604 0.10000 7 
 fake.rf 1440.00000000 51145.13462456172386794 0.10000 7 
 fake.rf 1440.00000000 51158.80923877696528024 0.10000 7 
 fake.rf 1440.00000000 51173.12204929792714481 0.10000 7 
 fake.rf 1440.00000000 51186.99495813015004231 0.10000 7 
 fake.rf 1440.00000000 51201.10208013120052684 0.10000 7 
 fake.rf 1440.00000000 51214.81957110088988827 0.10000 7 
 fake.rf 1440.00000000 51228.51445186670691712 0.10000 7 
 fake.rf 1440.00000000 51243.03949177411380944 0.10000 7 
 fake.rf 1440.00000000 51256.78092923008314585 0.10000 7 
 fake.rf 1440.00000000 51270.94170812034623452 0.10000 7 
 fake.rf 1440.00000000 51284.99607472654009399 0.10000 7 
 fake.rf 1440.00000000 51298.39723790144564930 0.10000 7 
 fake.rf 1440.00000000 51312.38980029478137013 0.10000 7 
 fake.rf 1440.00000000 51326.81380788293241935 0.10000 7 
 fake.rf 1440.00000000 51340.45650532243571362 0.10000 7 
 fake.rf 1440.00000000 51354.18446599172780509 0.10000 7 
 fake.rf 1440.00000000 51368.69771274820607587 0.10000 7 
 fake.rf 1440.00000000 51382.66533147216878774 0.10000 7 
 fake.rf 1440.00000000 51396.24770787020519336 0.10000 7 
 fake.rf 1440.00000000 51410.33104154302956346 0.10000 7 
 fake.rf 1440.00000000 51423.98814920505426684 0.10000 7 
 fake.rf 1440.00000000 51438.02246244018058974 0.10000 7 
 fake.rf 1440.00000000 51452.56335123998676906 0.10000 7 
 fake.rf 1440.00000000 51466.51405000405794610 0.10000 7 
 fake.rf 1440.00000000 51480.06121041864895815 0.10000 7 
 fake.rf 1440.00000000 51493.84075977924050704 0.10000 7 
 fake.rf 1440.00000000 51507.98714224913630488 0.10000 7 
 fake.rf 1440.00000000 51522.21702811736019001 0.10000 7 
 fake.rf 1440.00000000 51535.80302420393054064 0.10000 7 
 fake.rf 1440.00000000 51549.70502124240105246 0.10000 7 
 fake.rf 1440.00000000 51563.82008392018290621 0.10000 7 
 fake.rf 1440.00000000 51578.08508036439017275 0.10000 7 
 fake.rf 1440.00000000 51591.69991766546004897 0.10000 7 
 fake.rf 1440.00000000 51605.49935026182960129 0.10000 7 
 fake.rf 1440.00000000 51619.67548155542784372 0.10000 7 
 fake.rf 1440.00000000 51633.43566694589117461 0.10000 7 
 fake.rf 1440.00000000 51647.65748325188402035 0.10000 7 
 fake.rf 1440.00000000 51661.56672139519522347 0.10000 7 
 fake.rf 1440.00000000 51675.89017275360680870 0.10000 7 
 fake.rf 1440.00000000 51689.89165255031046442 0.10000 7 
 fake.rf 1440.00000000 51703.33322903173029061 0.10000 7 
 fake.rf 1440.00000000 51717.74927302841805954 0.10000 7 
 fake.rf 1440.00000000 51731.19014208767872987 0.10000 7 
 fake.rf 1440.00000000 51745.32917369251486051 0.10000 7 
 fake.rf 1440.00000000 51759.54078468052804141 0.10000 7 
 fake.rf 1440.00000000 51773.32924391254153562 0.10000 7 
 fake.rf 1440.00000000 51787.23446222783956117 0.10000 7 
 fake.rf 1440.00000000 51801.33087934740327185 0.10000 7 
 fake.rf 1440.00000000 51815.12518343719587932 0.10000 7 
 fake.rf 1440.00000000 51829.31767088965405321 0.10000 7 
 fake.rf 1440.00000000 51842.86898106086600890 0.10000 7 
 fake.rf 1440.00000000 51857.02528557052488978 0.10000 7 
 fake.rf 1440.00000000 51871.29031229941388048 0.10000 7 
 fake.rf 1440.00000000 51884.75407064135642088 0.10000 7 
 fake.rf 1440.00000000 51898.89929997738331835 0.10000 7 
 fake.rf 1440.00000000 51912.74971319104704293 0.10000 7 
 fake.rf 1440.00000000 51926.69791370764394145 0.10000 7 
 fake.rf 1440.00000000 51941.02775154354643661 0.10000 7 
 fake.rf 1440.00000000 51955.14627666234179415 0.10000 7 
 fake.rf 1440.00000000 51968.71869934001036739 0.10000 7 
 fake.rf 1440.00000000 51982.98876026405917727 0.10000 7 
 fake.rf 1440.00000000 51996.59390749586367519 0.10000 7 
 fake.rf 1440.00000000 52010.46955263396651148 0.10000 7 
 fake.rf 1440.00000000 52024.39267696072094793 0.10000 7 
 fake.rf 1440.00000000 52038.50214950743079001 0.10000 7 
 fake.rf 1440.00000000 52052.59215204313691672 0.10000 7 
 fake.rf 1440.00000000 52066.31368783460721872 0.10000 7 
 fake.rf 1440.00000000 52080.68320270417090256 0.10000 7 
 fake.rf 1440.00000000 52094.72066947537316395 0.10000 7 
 fake.rf 1440.00000000 52108.13721602992009352 0.10000 7 
 fake.rf 1440.00000000 52122.54643676699932087 0.10000 7 
 fake.rf 1440.00000000 52136.06370606533088008 0.10000 7 
 fake.rf 1440.00000000 52150.60118935584038269 0.10000 7 
 fake.rf 1440.00000000 52164.48950523260984724 0.10000 7 
 fake.rf 1440.00000000 52178.18403213428905829 0.10000 7 
 fake.rf 1440.00000000 52192.30468585220339861 0.10000 7 
 fake.rf 1440.00000000 52206.01968707143717552 0.10000 7 
 fake.rf 1440.00000000 52220.32432503303029847 0.10000 7 
 fake.rf 1440.00000000 52233.91295523422966340 0.10000 7 
 fake.rf 1440.00000000 52248.12715327107820329 0.10000 7 
 fake.rf 1440.00000000 52261.99583806459432367 0.10000 7 
 fake.rf 1440.00000000 52275.84067120603512890 0.10000 7 
 fake.rf 1440.00000000 52290.24939978213543412 0.10000 7 
 fake.rf 1440.00000000 52303.75467075378843163 0.10000 7 
 fake.rf 1440.00000000 52317.76815494496552006 0.10000 7 
 fake.rf 1440.00000000 52331.69367225092458185 0.10000 7 
 fake.rf 1440.00000000 52345.75424918962677268 0.10000 7 
 fake.rf 1440.00000000 52359.75415991784893777 0.10000 7 
 fake.rf 1440.00000000 52373.38107444547780389 0.10000 7 
 fake.rf 1440.00000000 52387.59840258553073156 0.10000 7 
 fake.rf 1440.00000000 52401.87562872456920360 0.10000 7 
 fake.rf 1440.00000000 52415.81083030870495776 0.10000 7 
 fake.rf 1440.00000000 52429.67153170514558269 0.10000 7 
 fake.rf 1440.00000000 52443.19596240259546960 0.10000 7 
 fake.rf 1440.00000000 52457.75918100749573370 0.10000 7 
 fake.rf 1440.00000000 52471.76758105482153027 0.10000 7 
 fake.rf 1440.00000000 52485.42024032774569875 0.10000 7 
 fake.rf 1440.00000000 52499.07655416166902995 0.10000 7 
 fake.rf 1440.00000000 52513.49269511841741576 0.10000 7 
 fake.rf 1440.00000000 52527.22104720325916105 0.10000 7 
 fake.rf 1440.00000000 52540.99880032885830872 0.10000 7 
 fake.rf 1440.00000000 52555.19572141618460392 0.10000 7 
 fake.rf 1440.00000000 52569.14623555200368443 0.10000 7 
 fake.rf 1440.00000000 52582.83303136518480869 0.10000 7 
 fake.rf 1440.00000000 52596.95649441758246567 0.10000 7 
 fake.rf 1440.00000000 52611.30642819022062184 0.10000 7 
 fake.rf 1440.00000000 52625.15210373220325479 0.10000 7 
 fake.rf 1440.00000000 52639.02879411974967994 0.10000 7 
 fake.rf 1440.00000000 52653.05492522592180293 0.10000 7 
 fake.rf 1440.00000000 52667.19412374452553038 0.10000 7 
 fake.rf 1440.00000000 52680.65657152110622619 0.10000 7 
 fake.rf 1440.00000000 52694.58961353969325003 0.10000 7 
 fake.rf 1440.00000000 52708.61187119476078067 0.10000 7 
 fake.rf 1440.00000000 52722.52127366580862144 0.10000 7 
 fake.rf 1440.00000000 52736.66447935832129090 0.10000 7 
 fake.rf 1440.00000000 52750.73844732147364667 0.10000 7 
 fake.rf 1440.00000000 52764.61159312211051997 0.10000 7 
 fake.rf 1440.00000000 52778.85360181458020890 0.10000 7 
 fake.rf 1440.00000000 52792.29903991437857158 0.10000 7 
 fake.rf 1440.00000000 52806.50399301037361255 0.10000 7 
 fake.rf 1440.00000000 52820.33488923805611748 0.10000 7 
 fake.rf 1440.00000000 52834.76244622873379342 0.10000 7 
 fake.rf 1440.00000000 52848.27416025874234506 0.10000 7 
 fake.rf 1440.00000000 52862.67065062454356905 0.10000 7 
 fake.rf 1440.00000000 52876.66086436895536593 0.10000 7 
 fake.rf 1440.00000000 52890.10735644526101140 0.10000 7 
 fake.rf 1440.00000000 52904.55047289836976887 0.10000 7 
 fake.rf 1440.00000000 52918.23157198887018993 0.10000 7 
 fake.rf 1440.00000000 52932.03927060169596785 0.10000 7 
 fake.rf 1440.00000000 52946.27008744905290527 0.10000 7 
 fake.rf 1440.00000000 52960.38443135859667876 0.10000 7 
 fake.rf 1440.00000000 52974.00810912359794358 0.10000 7 
 fake.rf 1440.00000000 52987.80740648573781826 0.10000 7 
 fake.rf 1440.00000000 53001.91049059390770637 0.10000 7 
