FORMAT 1
 fake.rf 1440.00000000 50000.21566819014933714 0.10000 7 
 fake.rf 1440.00000000 50014.47094566098083845 0.10000 7 
 fake.rf 1440.00000000 50028.40045079439225262 0.10000 7 
 fake.rf 1440.00000000 50041.80066906385642156 0.10000 7 
 fake.rf 1440.00000000 50056.06643785434726723 0.10000 7 
 fake.rf 1440.00000000 50069.98064091345365867 0.10000 7 
 fake.rf 1440.00000000 50084.09565454346592261 0.10000 7 
 fake.rf 1440.00000000 50097.99093212155037591 0.10000 7 
 fake.rf 1440.00000000 50111.87521678110424972 0.10000 7 
 fake.rf 1440.00000000 50125.72911737020486100 0.10000 7 
 fake.rf 1440.00000000 50139.90234396045882193 0.10000 7 
 fake.rf 1440.00000000 50153.90823939880640836 0.10000 7 
 fake.rf 1440.00000000 50167.88339287987626491 0.10000 7 
 fake.rf 1440.00000000 50181.67367542176925355 0.10000 7 
 fake.rf 1440.00000000 50195.38834731867440908 0.10000 7 
 fake.rf 1440.00000000 50209.71930023191040604 0.10000 7 
 fake.rf 1440.00000000 50223.32463124684709399 0.10000 7 
 fake.rf 1440.00000000 50237.70673756496218587 0.10000 7 
 fake.rf 1440.00000000 50251.54471695209732474 0.10000 7 
 fake.rf 1440.00000000 50265.33394432358905135 0.10000 7 
 fake.rf 1440.00000000 50279.78264911878993004 0.10000 7 
 fake.rf 1440.00000000 50293.46417719780512456 0.10000 7 
 fake.rf 1440.00000000 50307.33498553204220372 0.10000 7 
 fake.rf 1440.00000000 50321.57723154068905558 0.10000 7 
 fake.rf 1440.00000000 50335.20898631431121473 0.10000 7 
 fake.rf 1440.00000000 50349.54562449638846999 0.10000 7 
 fake.rf 1440.00000000 50363.09099656513732413 0.10000 7 
 fake.rf 1440.00000000 50377.31070236448049471 0.10000 7 
 fake.rf 1440.00000000 50391.23257129495342355 0.10000 7 
 fake.rf 1440.00000000 50405.20455281973359973 0.10000 7 
 fake.rf 1440.00000000 50419.22952709392091819 0.10000 7 
 fake.rf 1440.00000000 50432.76709610096726166 0.10000 7 
 fake.rf 1440.00000000 50447.03258117425560769 0.10000 7 
 fake.rf 1440.00000000 50461.02528660886498102 0.10000 7 
 fake.rf 1440.00000000 50474.66796665915109443 0.10000 7 
 fake.rf 1440.00000000 50488.57077992424857271 0.10000 7 
 fake.rf 1440.00000000 50503.18258115755082471 0.10000 7 
 fake.rf 1440.00000000 50516.97850086524243807 0.10000 7 
 fake.rf 1440.00000000 50530.81481778022449802 0.10000 7 
 fake.rf 1440.00000000 50544.68246310720276071 0.10000 7 
 fake.rf 1440.00000000 50559.03717615870348823 0.10000 7 
 fake.rf 1440.00000000 50572.41827901768396814 0.10000 7 
 fake.rf 1440.00000000 50586.33004590000870948 0.10000 7 
 fake.rf 1440.00000000 50600.69813849457093013 0.10000 7 
 fake.rf 1440.00000000 50614.57441661796532273 0.10000 7 
 fake.rf 1440.00000000 50628.23908143292361927 0.10000 7 
 fake.rf 1440.00000000 50642.30968634365016356 0.10000 7 
 fake.rf 1440.00000000 50656.49618822376777771 0.10000 7 
 fake.rf 1440.00000000 50670.58118543853993643 0.10000 7 
 fake.rf 1440.00000000 50684.52799579007729847 0.10000 7 
 fake.rf 1440.00000000 50698.54195108159466798 0.10000 7 
 fake.rf 1440.00000000 50712.44721253189945998 0.10000 7 
 fake.rf 1440.00000000 50726.11377698036896433 0.10000 7 
 fake.rf 1440.00000000 50740.03676669568283586 0.10000 7 
 fake.rf 1440.00000000 50754.22250024242396904 0.10000 7 
 fake.rf 1440.00000000 50768.22571217376301433 0.10000 7 
 fake.rf 1440.00000000 50781.85689949210027549 0.10000 7 
 fake.rf 1440.00000000 50796.29289784460884505 0.10000 7 
 fake.rf 1440.00000000 50809.88737497206919258 0.10000 7 
 fake.rf 1440.00000000 50824.14532394647136471 0.10000 7 
 fake.rf 1440.00000000 50837.92486320308026038 0.10000 7 
 fake.rf 1440.00000000 50851.58254066311994279 0.10000 7 
 fake.rf 1440.00000000 50866.08295140834267301 0.10000 7 
 fake.rf 1440.00000000 50879.49953511645438198 0.10000 7 
 fake.rf 1440.00000000 50893.85481077943365591 0.10000 7 
 fake.rf 1440.00000000 50908.03612761690616040 0.10000 7 
 fake.rf 1440.00000000 50921.39375064029029261 0.10000 7 
 fake.rf 1440.00000000 50935.73238695541775911 0.10000 7 
 fake.rf 1440.00000000 50949.74784959591988454 0.10000 7 
 fake.rf 1440.00000000 50963.64668228445144749 0.10000 7 
 fake.rf 1440.00000000 50977.22452331750606191 0.10000 7 
 fake.rf 1440.00000000 50991.63292503933146449 0.10000 7 
 fake.rf 1440.00000000 51005.61775332801579097 0.10000 7 
 fake.rf 1440.00000000 51019.14558730066132597 0.10000 7 
 fake.rf 1440.00000000 51033.29364103103147698 0.10000 7 
 fake.rf 1440.00000000 51047.19297350576832883 0.10000 7 
 fake.rf 1440.00000000 51061.09036503406907670 0.10000 7 
 fake.rf 1440.00000000 51075.34724971183422682 0.10000 7 
 fake.rf 1440.00000000 51089.47131012681301598 0.10000 7 
 fake.rf 1440.00000000 51103.49192493971790086 0.10000 7 
 fake.rf 1440.00000000 51117.06717939026468756 0.10000 7 
 fake.rf 1440.00000000 51131.24342117434787269 0.10000 7 
 fake.rf 1440.00000000 51145.20752348059880887 0.10000 7 
 fake.rf 1440.00000000 51159.15423512023784625 0.10000 7 
 fake.rf 1440.00000000 51173.29169267954578615 0.10000 7 
 fake.rf 1440.00000000 51186.81308793927179934 0.10000 7 
 fake.rf 1440.00000000 51200.80123761398618853 0.10000 7 
 fake.rf 1440.00000000 51214.60810853966869161 0.10000 7 
 fake.rf 1440.00000000 51228.60372818629377178 0.10000 7 
 fake.rf 1440.00000000 51242.89124772378737660 0.10000 7 
 fake.rf 1440.00000000 51256.99429371474726835 0.10000 7 
 fake.rf 1440.00000000 51270.80767867342210664 0.10000 7 
 fake.rf 1440.00000000 51284.79110174236991426 0.10000 7 
 fake.rf 1440.00000000 51298.76611786146560235 0.10000 7 
 fake.rf 1440.00000000 51312.70097930094370398 0.10000 7 
 fake.rf 1440.00000000 51326.41123742334722380 0.10000 7 
 fake.rf 1440.00000000 51340.60579645553313100 0.10000 7 
 fake.rf 1440.00000000 51354.60317363956346526 0.10000 7 
 fake.rf 1440.00000000 51368.69029414070532624 0.10000 7 
 fake.rf 1440.00000000 51382.27187518504801389 0.10000 7 
 fake.rf 1440.00000000 51396.20631112141247598 0.10000 7 
 fake.rf 1440.00000000 51410.57616541098028762 0.10000 7 
 fake.rf 1440.00000000 51424.60437423678135005 0.10000 7 
 fake.rf 1440.00000000 51438.56186452874124981 0.10000 7 
 fake.rf 1440.00000000 51452.49777885847246139 0.10000 7 
 fake.rf 1440.00000000 51466.04560080450962545 0.10000 7 
 fake.rf 1440.00000000 51479.94064965701397796 0.10000 7 
 fake.rf 1440.00000000 51493.81218157085575626 0.10000 7 
 fake.rf 1440.00000000 51508.32178096934458011 0.10000 7 
 fake.rf 1440.00000000 51522.37911627279722282 0.10000 7 
 fake.rf 1440.00000000 51536.30948906809835464 0.10000 7 
 fake.rf 1440.00000000 51549.76590230888533029 0.10000 7 
 fake.rf 1440.00000000 51564.03770544259124975 0.10000 7 
 fake.rf 1440.00000000 51577.97040665523686087 0.10000 7 
 fake.rf 1440.00000000 51592.07842424753415500 0.10000 7 
 fake.rf 1440.00000000 51605.85924435450735359 0.10000 7 
 fake.rf 1440.00000000 51620.01823351668681639 0.10000 7 
 fake.rf 1440.00000000 51633.48596021308389226 0.10000 7 
 fake.rf 1440.00000000 51647.77854396586673147 0.10000 7 
 fake.rf 1440.00000000 51661.97137884737059466 0.10000 7 
 fake.rf 1440.00000000 51675.76485115164615891 0.10000 7 
 fake.rf 1440.00000000 51689.53204028914217716 0.10000 7 
 fake.rf 1440.00000000 51703.57648622275907968 0.10000 7 
 fake.rf 1440.00000000 51717.39160767771926785 0.10000 7 
 fake.rf 1440.00000000 51731.17203899229964748 0.10000 7 
 fake.rf 1440.00000000 51745.18957239830577066 0.10000 7 
 fake.rf 1440.00000000 51759.41984469721759510 0.10000 7 
 fake.rf 1440.00000000 51773.43306110383781871 0.10000 7 
 fake.rf 1440.00000000 51787.48619775688717226 0.10000 7 
 fake.rf 1440.00000000 51801.17515001421453391 0.10000 7 
 fake.rf 1440.00000000 51815.47484018897009861 0.10000 7 
 fake.rf 1440.00000000 51829.50063882936900583 0.10000 7 
 fake.rf 1440.00000000 51842.93100477565378270 0.10000 7 
 fake.rf 1440.00000000 51857.29712984942724674 0.10000 7 
 fake.rf 1440.00000000 51871.31864485347801264 0.10000 7 
 fake.rf 1440.00000000 51885.38981786250344896 0.10000 7 
 fake.rf 1440.00000000 51899.34199095742944152 0.10000 7 
 fake.rf 1440.00000000 51913.29678083622974682 0.10000 7 
 fake.rf 1440.00000000 51927.27771181799578670 0.10000 7 
 fake.rf 1440.00000000 51941.11104372430792964 0.10000 7 
 fake.rf 1440.00000000 51955.16139496321257241 0.10000 7 
 fake.rf 1440.00000000 51969.11092485019559462 0.10000 7 
 fake.rf 1440.00000000 51983.10556270199706219 0.10000 7 
 fake.rf 1440.00000000 51996.79927648604919099 0.10000 7 
 fake.rf 1440.00000000 52010.71973363838700877 0.10000 7 
 fake.rf 1440.00000000 52024.86061515454663251 0.10000 7 
 fake.rf 1440.00000000 52038.37337510540277208 0.10000 7 
 fake.rf 1440.00000000 52052.49104752276585373 0.10000 7 
 fake.rf 1440.00000000 52066.80454844270819237 0.10000 7 
 fake.rf 1440.00000000 52080.64811822119722606 0.10000 7 
 fake.rf 1440.00000000 52094.33018492058159410 0.10000 7 
 fake.rf 1440.00000000 52108.47538423087994275 0.10000 7 
 fake.rf 1440.00000000 52122.12436920859193989 0.10000 7 
 fake.rf 1440.00000000 52136.55577456261773506 0.10000 7 
 fake.rf 1440.00000000 52150.55432138524266605 0.10000 7 
 fake.rf 1440.00000000 52164.02196375115210714 0.10000 7 
 fake.rf 1440.00000000 52178.50912854667672747 0.10000 7 
 fake.rf 1440.00000000 52192.10950707208444754 0.10000 7 
 fake.rf 1440.00000000 52206.29525862497333222 0.10000 7 
 fake.rf 1440.00000000 52220.20711947300876687 0.10000 7 
 fake.rf 1440.00000000 52234.20134296453901257 0.10000 7 
 fake.rf 1440.00000000 52248.05834407921982887 0.10000 7 
 fake.rf 1440.00000000 52262.03422965208634565 0.10000 7 
 fake.rf 1440.00000000 52276.16371179061528451 0.10000 7 
 fake.rf 1440.00000000 52289.75839741323294163 0.10000 7 
 fake.rf 1440.00000000 52303.79402401565463876 0.10000 7 
 fake.rf 1440.00000000 52318.03290526381130476 0.10000 7 
 fake.rf 1440.00000000 52331.61799004651187772 0.10000 7 
 fake.rf 1440.00000000 52345.64663261092216118 0.10000 7 
 fake.rf 1440.00000000 52359.90467088625520020 0.10000 7 
 fake.rf 1440.00000000 52374.02798030007965480 0.10000 7 
 fake.rf 1440.00000000 52387.47853350322714761 0.10000 7 
 fake.rf 1440.00000000 52401.72432777083821875 0.10000 7 
 fake.rf 1440.00000000 52415.88050106231438363 0.10000 7 
 fake.rf 1440.00000000 52429.72966080481186424 0.10000 7 
 fake.rf 1440.00000000 52443.26747159734594916 0.10000 7 
 fake.rf 1440.00000000 52457.60275248657231728 0.10000 7 
 fake.rf 1440.00000000 52471.66956493319556998 0.10000 7 
 fake.rf 1440.00000000 52485.36327419096455316 0.10000 7 
 fake.rf 1440.00000000 52499.38361542079453059 0.10000 7 
 fake.rf 1440.00000000 52513.33222369331204860 0.10000 7 
 fake.rf 1440.00000000 52527.41289236573359744 0.10000 7 
 fake.rf 1440.00000000 52540.94999232279849011 0.10000 7 
 fake.rf 1440.00000000 52555.25247831707622126 0.10000 7 
 fake.rf 1440.00000000 52569.13611174462235454 0.10000 7 
 fake.rf 1440.00000000 52583.37665122972179077 0.10000 7 
 fake.rf 1440.00000000 52597.18500569305103909 0.10000 7 
 fake.rf 1440.00000000 52610.92736331264570993 0.10000 7 
 fake.rf 1440.00000000 52624.80650738077660122 0.10000 7 
 fake.rf 1440.00000000 52638.83883942871120354 0.10000 7 
 fake.rf 1440.00000000 52653.19795064319549738 0.10000 7 
 fake.rf 1440.00000000 52667.10954430786748404 0.10000 7 
 fake.rf 1440.00000000 52681.03710352894751523 0.10000 7 
 fake.rf 1440.00000000 52694.74365968912187697 0.10000 7 
 fake.rf 1440.00000000 52708.82296157461247077 0.10000 7 
 fake.rf 1440.00000000 52723.05009913586295411 0.10000 7 
 fake.rf 1440.00000000 52736.83050799093499705 0.10000 7 
 fake.rf 1440.00000000 52750.52025050376874304 0.10000 7 
 fake.rf 1440.00000000 52764.37069890505352987 0.10000 7 
 fake.rf 1440.00000000 52778.88464306716367958 0.10000 7 
 fake.rf 1440.00000000 52792.87064994583343491 0.10000 7 
 fake.rf 1440.00000000 52806.88263379915748530 0.10000 7 
 fake.rf 1440.00000000 52820.21869056863454617 0.10000 7 
 fake.rf 1440.00000000 52834.48871779289227035 0.10000 7 
 fake.rf 1440.00000000 52848.69510101161716875 0.10000 7 
 fake.rf 1440.00000000 52862.58521020739983598 0.10000 7 
 fake.rf 1440.00000000 52876.43127434631776751 0.10000 7 
 fake.rf 1440.00000000 52890.34449783559502478 0.10000 7 
 fake.rf 1440.00000000 52904.33964552867687559 0.10000 7 
 fake.rf 1440.00000000 52917.91764498550066520 0.10000 7 
 fake.rf 1440.00000000 52931.88943579342144474 0.10000 7 
 fake.rf 1440.00000000 52945.87141782937667855 0.10000 7 
 fake.rf 1440.00000000 52960.23497871387574776 0.10000 7 
 fake.rf 1440.00000000 52973.78209551612322770 0.10000 7 
 fake.rf 1440.00000000 52988.10478962792123880 0.10000 7 
 fake.rf 1440.00000000 53001.72354330678289003 0.10000 7 
