FORMAT 1
 fake.rf 1440.00000000 50000.47525387894948778 0.10000 7 
 fake.rf 1440.00000000 50013.97786185006736659 0.10000 7 
 fake.rf 1440.00000000 50028.04386587580002299 0.10000 7 
 fake.rf 1440.00000000 50042.45378506933155549 0.10000 7 
 fake.rf 1440.00000000 50056.02695113839095953 0.10000 7 
 fake.rf 1440.00000000 50069.82362576650285746 0.10000 7 
 fake.rf 1440.00000000 50084.18336471363330276 0.10000 7 
 fake.rf 1440.00000000 50097.72231611273662111 0.10000 7 
 fake.rf 1440.00000000 50111.93043959130661591 0.10000 7 
 fake.rf 1440.00000000 50125.74103978955658434 0.10000 7 
 fake.rf 1440.00000000 50139.54535482896030629 0.10000 7 
 fake.rf 1440.00000000 50153.57211326087001524 0.10000 7 
 fake.rf 1440.00000000 50167.77734871228529201 0.10000 7 
 fake.rf 1440.00000000 50181.47033818313297004 0.10000 7 
 fake.rf 1440.00000000 50195.38260018665146944 0.10000 7 
 fake.rf 1440.00000000 50209.61206858669792297 0.10000 7 
 fake.rf 1440.00000000 50223.35526799819318811 0.10000 7 
 fake.rf 1440.00000000 50237.30847943706736203 0.10000 7 
 fake.rf 1440.00000000 50251.84620119384117132 0.10000 7 
 fake.rf 1440.00000000 50265.83400989919531909 0.10000 7 
 fake.rf 1440.00000000 50279.71555659207902167 0.10000 7 
 fake.rf 1440.00000000 50293.47090182506839184 0.10000 7 
 fake.rf 1440.00000000 50307.41016013188079370 0.10000 7 
 fake.rf 1440.00000000 50321.32508059979773662 0.10000 7 
 fake.rf 1440.00000000 50335.36331802676658143 0.10000 7 
 fake.rf 1440.00000000 50349.31259319266965235 0.10000 7 
 fake.rf 1440.00000000 50363.24772181362225609 0.10000 7 
 fake.rf 1440.00000000 50377.02107946282272977 0.10000 7 
 fake.rf 1440.00000000 50391.22236414712277153 0.10000 7 
 fake.rf 1440.00000000 50404.85174629454372663 0.10000 7 
 fake.rf 1440.00000000 50418.94875037129131101 0.10000 7 
 fake.rf 1440.00000000 50433.01414348296351164 0.10000 7 
 fake.rf 1440.00000000 50446.85102634156310941 0.10000 7 
 fake.rf 1440.00000000 50461.05226049483584205 0.10000 7 
 fake.rf 1440.00000000 50474.89913219064627725 0.10000 7 
 fake.rf 1440.00000000 50489.01407388582710212 0.10000 7 
 fake.rf 1440.00000000 50503.05020872333851045 0.10000 7 
 fake.rf 1440.00000000 50516.62837875078502492 0.10000 7 
 fake.rf 1440.00000000 50530.98716454798573849 0.10000 7 
 fake.rf 1440.00000000 50544.60298231629236199 0.10000 7 
 fake.rf 1440.00000000 50558.69664528593105501 0.10000 7 
 fake.rf 1440.00000000 50572.89797215416626486 0.10000 7 
 fake.rf 1440.00000000 50586.57877444621472307 0.10000 7 
 fake.rf 1440.00000000 50600.91589893703767800 0.10000 7 
 fake.rf 1440.00000000 50614.84844139443652722 0.10000 7 
 fake.rf 1440.00000000 50628.47973164558413472 0.10000 7 
 fake.rf 1440.00000000 50642.41788400158275962 0.10000 7 
 fake.rf 1440.00000000 50656.13185190068238128 0.10000 7 
 fake.rf 1440.00000000 50670.42124637412460686 0.10000 7 
 fake.rf 1440.00000000 50684.26867984447794768 0.10000 7 
 fake.rf 1440.00000000 50698.00868249111118757 0.10000 7 
 fake.rf 1440.00000000 50712.21784974432574344 0.10000 7 
 fake.rf 1440.00000000 50726.52552118376819479 0.10000 7 
 fake.rf 1440.00000000 50740.24300824088597395 0.10000 7 
 fake.rf 1440.00000000 50754.40532202758550184 0.10000 7 
 fake.rf 1440.00000000 50768.12279023149746493 0.10000 7 
 fake.rf 1440.00000000 50781.82777852465060064 0.10000 7 
 fake.rf 1440.00000000 50795.96344701680105160 0.10000 7 
 fake.rf 1440.00000000 50810.15916563247679250 0.10000 7 
 fake.rf 1440.00000000 50824.10366462889136940 0.10000 7 
 fake.rf 1440.00000000 50837.90694136117249968 0.10000 7 
 fake.rf 1440.00000000 50851.57122344967978123 0.10000 7 
 fake.rf 1440.00000000 50865.61934163200968584 0.10000 7 
 fake.rf 1440.00000000 50879.96439393579434807 0.10000 7 
 fake.rf 1440.00000000 50893.86813621732794033 0.10000 7 
 fake.rf 1440.00000000 50907.80135221344143304 0.10000 7 
 fake.rf 1440.00000000 50921.63290562158433161 0.10000 7 
 fake.rf 1440.00000000 50935.61100882911091148 0.10000 7 
 fake.rf 1440.00000000 50949.82728760469343854 0.10000 7 
 fake.rf 1440.00000000 50963.38918618390182758 0.10000 7 
 fake.rf 1440.00000000 50977.68799987777916982 0.10000 7 
 fake.rf 1440.00000000 50991.36950104691293006 0.10000 7 
 fake.rf 1440.00000000 51005.17095251129594047 0.10000 7 
 fake.rf 1440.00000000 51019.18879453603517860 0.10000 7 
 fake.rf 1440.00000000 51033.24564629742067368 0.10000 7 
 fake.rf 1440.00000000 51047.68453296843529898 0.10000 7 
 fake.rf 1440.00000000 51061.37189129707404334 0.10000 7 
 fake.rf 1440.00000000 51075.40512146193359655 0.10000 7 
 fake.rf 1440.00000000 51088.92953544784146658 0.10000 7 
 fake.rf 1440.00000000 51102.94451431309833112 0.10000 7 
 fake.rf 1440.00000000 51116.86340400552994723 0.10000 7 
 fake.rf 1440.00000000 51130.83271339633651920 0.10000 7 
 fake.rf 1440.00000000 51145.09508561498768842 0.10000 7 
 fake.rf 1440.00000000 51159.35987279762242608 0.10000 7 
 fake.rf 1440.00000000 51173.08489531226729952 0.10000 7 
 fake.rf 1440.00000000 51186.88114067886869307 0.10000 7 
 fake.rf 1440.00000000 51200.90162217277505974 0.10000 7 
 fake.rf 1440.00000000 51215.03652566939150503 0.10000 7 
 fake.rf 1440.00000000 51229.00666564318663632 0.10000 7 
 fake.rf 1440.00000000 51242.59442511677252341 0.10000 7 
 fake.rf 1440.00000000 51256.71205363917535180 0.10000 7 
 fake.rf 1440.00000000 51270.52369644123931991 0.10000 7 
 fake.rf 1440.00000000 51284.48063071191580420 0.10000 7 
 fake.rf 1440.00000000 51298.68460356050703908 0.10000 7 
 fake.rf 1440.00000000 51312.87952468853524834 0.10000 7 
 fake.rf 1440.00000000 51326.77842736909895294 0.10000 7 
 fake.rf 1440.00000000 51340.28717557680585415 0.10000 7 
 fake.rf 1440.00000000 51354.35187618642628138 0.10000 7 
 fake.rf 1440.00000000 51368.26710808434352984 0.10000 7 
 fake.rf 1440.00000000 51382.69702783007384639 0.10000 7 
 fake.rf 1440.00000000 51396.36185305583662242 0.10000 7 
 fake.rf 1440.00000000 51410.61412475004933853 0.10000 7 
 fake.rf 1440.00000000 51424.09710502418345612 0.10000 7 
 fake.rf 1440.00000000 51438.26827448423103561 0.10000 7 
 fake.rf 1440.00000000 51452.57661424168948727 0.10000 7 
 fake.rf 1440.00000000 51466.15467237210117446 0.10000 7 
 fake.rf 1440.00000000 51480.13628787897956229 0.10000 7 
 fake.rf 1440.00000000 51494.17021209564607886 0.10000 7 
 fake.rf 1440.00000000 51507.81972647112651842 0.10000 7 
 fake.rf 1440.00000000 51522.03064866152934087 0.10000 7 
 fake.rf 1440.00000000 51536.11777778683780937 0.10000 7 
 fake.rf 1440.00000000 51549.72440794359243199 0.10000 7 
 fake.rf 1440.00000000 51563.94286560047983414 0.10000 7 
 fake.rf 1440.00000000 51577.66392631313188488 0.10000 7 
 fake.rf 1440.00000000 51591.57356969423113924 0.10000 7 
 fake.rf 1440.00000000 51605.55527590991227527 0.10000 7 
 fake.rf 1440.00000000 51619.77747480149360371 0.10000 7 
 fake.rf 1440.00000000 51633.74582567774405817 0.10000 7 
 fake.rf 1440.00000000 51647.90066149565053877 0.10000 7 
 fake.rf 1440.00000000 51661.46455975806399508 0.10000 7 
 fake.rf 1440.00000000 51675.72556285217438798 0.10000 7 
 fake.rf 1440.00000000 51689.36958659451201115 0.10000 7 
 fake.rf 1440.00000000 51703.45002038122181176 0.10000 7 
 fake.rf 1440.00000000 51717.70618383761751247 0.10000 7 
 fake.rf 1440.00000000 51731.59240648656922090 0.10000 7 
 fake.rf 1440.00000000 51745.23932081457560983 0.10000 7 
 fake.rf 1440.00000000 51759.43261292747273572 0.10000 7 
 fake.rf 1440.00000000 51773.53247655310983788 0.10000 7 
 fake.rf 1440.00000000 51787.28231754715510959 0.10000 7 
 fake.rf 1440.00000000 51801.42906766460471246 0.10000 7 
 fake.rf 1440.00000000 51815.33041044007116227 0.10000 7 
 fake.rf 1440.00000000 51829.44996939312789763 0.10000 7 
 fake.rf 1440.00000000 51843.22055059569436608 0.10000 7 
 fake.rf 1440.00000000 51857.30976639005150020 0.10000 7 
 fake.rf 1440.00000000 51870.97205417942795336 0.10000 7 
 fake.rf 1440.00000000 51885.08920123705288674 0.10000 7 
 fake.rf 1440.00000000 51898.79470117383670669 0.10000 7 
 fake.rf 1440.00000000 51913.14349728667919948 0.10000 7 
 fake.rf 1440.00000000 51926.66612788601869966 0.10000 7 
 fake.rf 1440.00000000 51940.72603498046622050 0.10000 7 
 fake.rf 1440.00000000 51954.65731263180256860 0.10000 7 
 fake.rf 1440.00000000 51968.97196510953792270 0.10000 7 
 fake.rf 1440.00000000 51982.67672839855892519 0.10000 7 
 fake.rf 1440.00000000 51996.86468980649048888 0.10000 7 
 fake.rf 1440.00000000 52010.93862908937193268 0.10000 7 
 fake.rf 1440.00000000 52024.59126179941506152 0.10000 7 
 fake.rf 1440.00000000 52038.79915551841071775 0.10000 7 
 fake.rf 1440.00000000 52052.46685306783883007 0.10000 7 
 fake.rf 1440.00000000 52066.79272939807099618 0.10000 7 
 fake.rf 1440.00000000 52080.52701831422912804 0.10000 7 
 fake.rf 1440.00000000 52094.46350685308264872 0.10000 7 
 fake.rf 1440.00000000 52108.42194569018962369 0.10000 7 
 fake.rf 1440.00000000 52122.50515110408186459 0.10000 7 
 fake.rf 1440.00000000 52136.56029943143122907 0.10000 7 
 fake.rf 1440.00000000 52150.14646115954869288 0.10000 7 
 fake.rf 1440.00000000 52164.15411524615438665 0.10000 7 
 fake.rf 1440.00000000 52178.56107068690949546 0.10000 7 
 fake.rf 1440.00000000 52192.37875061354435147 0.10000 7 
 fake.rf 1440.00000000 52206.52449440321009533 0.10000 7 
 fake.rf 1440.00000000 52220.05285019222849741 0.10000 7 
 fake.rf 1440.00000000 52234.05550636998721714 0.10000 7 
 fake.rf 1440.00000000 52248.14081889990984564 0.10000 7 
 fake.rf 1440.00000000 52261.82695976630301260 0.10000 7 
 fake.rf 1440.00000000 52276.30508984868984257 0.10000 7 
 fake.rf 1440.00000000 52289.85117757927275406 0.10000 7 
 fake.rf 1440.00000000 52303.90449901239172092 0.10000 7 
 fake.rf 1440.00000000 52317.87133554274058511 0.10000 7 
 fake.rf 1440.00000000 52331.82781592656760239 0.10000 7 
 fake.rf 1440.00000000 52345.60149285798549101 0.10000 7 
 fake.rf 1440.00000000 52359.79585271060875229 0.10000 7 
 fake.rf 1440.00000000 52373.85046628945731939 0.10000 7 
 fake.rf 1440.00000000 52387.59364694581972444 0.10000 7 
 fake.rf 1440.00000000 52401.47421867617469005 0.10000 7 
 fake.rf 1440.00000000 52415.93848822059062087 0.10000 7 
 fake.rf 1440.00000000 52429.90785638112646794 0.10000 7 
 fake.rf 1440.00000000 52443.23392681496223133 0.10000 7 
 fake.rf 1440.00000000 52457.38905511905463896 0.10000 7 
 fake.rf 1440.00000000 52471.60454310860989580 0.10000 7 
 fake.rf 1440.00000000 52485.30320377591781167 0.10000 7 
 fake.rf 1440.00000000 52499.15576785490749145 0.10000 7 
 fake.rf 1440.00000000 52513.14377078173125568 0.10000 7 
 fake.rf 1440.00000000 52527.48381268850575054 0.10000 7 
 fake.rf 1440.00000000 52541.33304173492014755 0.10000 7 
 fake.rf 1440.00000000 52555.44247610427859385 0.10000 7 
 fake.rf 1440.00000000 52569.20922577916200069 0.10000 7 
 fake.rf 1440.00000000 52583.34950926238396463 0.10000 7 
 fake.rf 1440.00000000 52596.83815712919088270 0.10000 7 
 fake.rf 1440.00000000 52611.05008829955171379 0.10000 7 
 fake.rf 1440.00000000 52625.04627773606294383 0.10000 7 
 fake.rf 1440.00000000 52638.71889551382615124 0.10000 7 
 fake.rf 1440.00000000 52653.16407524746886182 0.10000 7 
 fake.rf 1440.00000000 52667.20114688148868609 0.10000 7 
 fake.rf 1440.00000000 52680.99730325882241999 0.10000 7 
 fake.rf 1440.00000000 52695.16684988660832900 0.10000 7 
 fake.rf 1440.00000000 52709.05361101195235562 0.10000 7 
 fake.rf 1440.00000000 52723.10074789165162557 0.10000 7 
 fake.rf 1440.00000000 52736.69517531937987798 0.10000 7 
 fake.rf 1440.00000000 52750.58699902548768179 0.10000 7 
 fake.rf 1440.00000000 52764.62884241975174859 0.10000 7 
 fake.rf 1440.00000000 52778.70183947101119770 0.10000 7 
 fake.rf 1440.00000000 52792.82624911802918177 0.10000 7 
 fake.rf 1440.00000000 52806.29426542269481004 0.10000 7 
 fake.rf 1440.00000000 52820.81533589680516272 0.10000 7 
 fake.rf 1440.00000000 52834.19187674345722527 0.10000 7 
 fake.rf 1440.00000000 52848.16238863710632501 0.10000 7 
 fake.rf 1440.00000000 52862.69105334310211575 0.10000 7 
 fake.rf 1440.00000000 52876.09855732801600325 0.10000 7 
 fake.rf 1440.00000000 52890.26242360587022162 0.10000 7 
 fake.rf 1440.00000000 52904.37813567725250508 0.10000 7 
 fake.rf 1440.00000000 52918.18919304324518293 0.10000 7 
 fake.rf 1440.00000000 52932.24384950643986514 0.10000 7 
 fake.rf 1440.00000000 52946.38579052352768173 0.10000 7 
 fake.rf 1440.00000000 52959.90844922770372349 0.10000 7 
 fake.rf 1440.00000000 52973.85056073513056063 0.10000 7 
 fake.rf 1440.00000000 52988.14016230149579201 0.10000 7 
 fake.rf 1440.00000000 53002.13446339749724956 0.10000 7 
