FORMAT 1
 fake.rf 1440.00000000 50000.53287978018401816 0.10000 7 
 fake.rf 1440.00000000 50014.34935529497160545 0.10000 7 
 fake.rf 1440.00000000 50027.92714694448306645 0.10000 7 
 fake.rf 1440.00000000 50042.08218349120894786 0.10000 7 
 fake.rf 1440.00000000 50056.27616947413120485 0.10000 7 
 fake.rf 1440.00000000 50070.33736697033139151 0.10000 7 
 fake.rf 1440.00000000 50083.90103456302385609 0.10000 7 
 fake.rf 1440.00000000 50097.92940299283838002 0.10000 7 
 fake.rf 1440.00000000 50112.19837317312519076 0.10000 7 
 fake.rf 1440.00000000 50125.68702795093401647 0.10000 7 
 fake.rf 1440.00000000 50139.80075926018049515 0.10000 7 
 fake.rf 1440.00000000 50153.70238297382811510 0.10000 7 
 fake.rf 1440.00000000 50167.78775418338664949 0.10000 7 
 fake.rf 1440.00000000 50181.98155496794343478 0.10000 7 
 fake.rf 1440.00000000 50195.99440184652106467 0.10000 7 
 fake.rf 1440.00000000 50209.57574210432159845 0.10000 7 
 fake.rf 1440.00000000 50223.94245189281521036 0.10000 7 
 fake.rf 1440.00000000 50237.84792866887812224 0.10000 7 
 fake.rf 1440.00000000 50251.51070249102493293 0.10000 7 
 fake.rf 1440.00000000 50265.21948359207143753 0.10000 7 
 fake.rf 1440.00000000 50279.69185107604737439 0.10000 7 
 fake.rf 1440.00000000 50293.46702161354742344 0.10000 7 
 fake.rf 1440.00000000 50307.37789506079491630 0.10000 7 
 fake.rf 1440.00000000 50321.33753404104435702 0.10000 7 
 fake.rf 1440.00000000 50335.62865470950704250 0.10000 7 
 fake.rf 1440.00000000 50349.63241067564575815 0.10000 7 
 fake.rf 1440.00000000 50363.10555007093347157 0.10000 7 
 fake.rf 1440.00000000 50376.95755551294302776 0.10000 7 
 fake.rf 1440.00000000 50390.94164904996072707 0.10000 7 
 fake.rf 1440.00000000 50405.40928269114774096 0.10000 7 
 fake.rf 1440.00000000 50419.29381529183058319 0.10000 7 
 fake.rf 1440.00000000 50432.77008930789684982 0.10000 7 
 fake.rf 1440.00000000 50447.09242451171184385 0.10000 7 
 fake.rf 1440.00000000 50461.25964156669012795 0.10000 7 
 fake.rf 1440.00000000 50474.92917813694892004 0.10000 7 
 fake.rf 1440.00000000 50488.81705872547112079 0.10000 7 
 fake.rf 1440.00000000 50503.08369927352593365 0.10000 7 
 fake.rf 1440.00000000 50517.02179618361290991 0.10000 7 
 fake.rf 1440.00000000 50530.97627134998788989 0.10000 7 
 fake.rf 1440.00000000 50544.88344143911044171 0.10000 7 
 fake.rf 1440.00000000 50559.01508586511992860 0.10000 7 
 fake.rf 1440.00000000 50572.45485174581935084 0.10000 7 
 fake.rf 1440.00000000 50586.96853830296245746 0.10000 7 
 fake.rf 1440.00000000 50600.55711336589268257 0.10000 7 
 fake.rf 1440.00000000 50614.89557269877580126 0.10000 7 
 fake.rf 1440.00000000 50628.79366554307756587 0.10000 7 
 fake.rf 1440.00000000 50642.66847358705302540 0.10000 7 
 fake.rf 1440.00000000 50656.74520214220644831 0.10000 7 
 fake.rf 1440.00000000 50670.58699780301984106 0.10000 7 
 fake.rf 1440.00000000 50684.16280571684452738 0.10000 7 
 fake.rf 1440.00000000 50698.65320816398847725 0.10000 7 
 fake.rf 1440.00000000 50712.33893069820384270 0.10000 7 
 fake.rf 1440.00000000 50726.39480189547129640 0.10000 7 
 fake.rf 1440.00000000 50740.16763713497804389 0.10000 7 
 fake.rf 1440.00000000 50754.51789135183704715 0.10000 7 
 fake.rf 1440.00000000 50768.23644264466206266 0.10000 7 
 fake.rf 1440.00000000 50782.05125994267569212 0.10000 7 
 fake.rf 1440.00000000 50795.91287965952061967 0.10000 7 
 fake.rf 1440.00000000 50810.18832908502987067 0.10000 7 
 fake.rf 1440.00000000 50824.02546595155438780 0.10000 7 
 fake.rf 1440.00000000 50837.72627871379891573 0.10000 7 
 fake.rf 1440.00000000 50851.92448685797409524 0.10000 7 
 fake.rf 1440.00000000 50865.94279044908246945 0.10000 7 
 fake.rf 1440.00000000 50880.00416450400640045 0.10000 7 
 fake.rf 1440.00000000 50893.74114904478142662 0.10000 7 
 fake.rf 1440.00000000 50907.46721528598348883 0.10000 7 
 fake.rf 1440.00000000 50921.45469607492939801 0.10000 7 
 fake.rf 1440.00000000 50935.49654720748618075 0.10000 7 
 fake.rf 1440.00000000 50949.86560310873279533 0.10000 7 
 fake.rf 1440.00000000 50963.84578507787303536 0.10000 7 
 fake.rf 1440.00000000 50977.83303241629117863 0.10000 7 
 fake.rf 1440.00000000 50991.70529211929365943 0.10000 7 
 fake.rf 1440.00000000 51005.83013268249817429 0.10000 7 
 fake.rf 1440.00000000 51019.70262595087363522 0.10000 7 
 fake.rf 1440.00000000 51033.20168679919262900 0.10000 7 
 fake.rf 1440.00000000 51047.70321282934985163 0.10000 7 
 fake.rf 1440.00000000 51061.51202497070471509 0.10000 7 
 fake.rf 1440.00000000 51075.59078657157300896 0.10000 7 
 fake.rf 1440.00000000 51089.54060055519470751 0.10000 7 
 fake.rf 1440.00000000 51103.22943440113661850 0.10000 7 
 fake.rf 1440.00000000 51116.92223006970339938 0.10000 7 
 fake.rf 1440.00000000 51131.40067251932419623 0.10000 7 
 fake.rf 1440.00000000 51144.81345496323700672 0.10000 7 
 fake.rf 1440.00000000 51159.26701453846680323 0.10000 7 
 fake.rf 1440.00000000 51172.88985168063645403 0.10000 7 
 fake.rf 1440.00000000 51186.69111437738089521 0.10000 7 
 fake.rf 1440.00000000 51200.90145131607306439 0.10000 7 
 fake.rf 1440.00000000 51215.04399847554079983 0.10000 7 
 fake.rf 1440.00000000 51228.74510696874041926 0.10000 7 
 fake.rf 1440.00000000 51242.60245270668924888 0.10000 7 
 fake.rf 1440.00000000 51256.62036280847664216 0.10000 7 
 fake.rf 1440.00000000 51270.72717682871924438 0.10000 7 
 fake.rf 1440.00000000 51284.82095676671169571 0.10000 7 
 fake.rf 1440.00000000 51298.89539654480460484 0.10000 7 
 fake.rf 1440.00000000 51312.43514402486415804 0.10000 7 
 fake.rf 1440.00000000 51326.30413457116119602 0.10000 7 
 fake.rf 1440.00000000 51340.80953329914613548 0.10000 7 
 fake.rf 1440.00000000 51354.37498758870947313 0.10000 7 
 fake.rf 1440.00000000 51368.32405536413348557 0.10000 7 
 fake.rf 1440.00000000 51382.57006940072508172 0.10000 7 
 fake.rf 1440.00000000 51396.15393174021228617 0.10000 7 
 fake.rf 1440.00000000 51410.12847289974011744 0.10000 7 
 fake.rf 1440.00000000 51424.28497272042203647 0.10000 7 
 fake.rf 1440.00000000 51438.03190169434446588 0.10000 7 
 fake.rf 1440.00000000 51452.58382883867048818 0.10000 7 
 fake.rf 1440.00000000 51466.27761557942362103 0.10000 7 
 fake.rf 1440.00000000 51479.89762994822435260 0.10000 7 
 fake.rf 1440.00000000 51494.29659530690423708 0.10000 7 
 fake.rf 1440.00000000 51508.10736976349811655 0.10000 7 
 fake.rf 1440.00000000 51522.38209084473905719 0.10000 7 
 fake.rf 1440.00000000 51535.84144945280107919 0.10000 7 
 fake.rf 1440.00000000 51550.04991223143222356 0.10000 7 
 fake.rf 1440.00000000 51564.17463521120534864 0.10000 7 
 fake.rf 1440.00000000 51577.75166898965858664 0.10000 7 
 fake.rf 1440.00000000 51591.78525075226830054 0.10000 7 
 fake.rf 1440.00000000 51605.57103690180441902 0.10000 7 
 fake.rf 1440.00000000 51619.65422612323246554 0.10000 7 
 fake.rf 1440.00000000 51633.93637093909797287 0.10000 7 
 fake.rf 1440.00000000 51647.90293031361516540 0.10000 7 
 fake.rf 1440.00000000 51661.72545410138715027 0.10000 7 
 fake.rf 1440.00000000 51675.90317072524630504 0.10000 7 
 fake.rf 1440.00000000 51689.92586626713164577 0.10000 7 
 fake.rf 1440.00000000 51703.89343007774915861 0.10000 7 
 fake.rf 1440.00000000 51717.53648606559288936 0.10000 7 
 fake.rf 1440.00000000 51731.67184744804734464 0.10000 7 
 fake.rf 1440.00000000 51745.21738481887412320 0.10000 7 
 fake.rf 1440.00000000 51759.43432408221447005 0.10000 7 
 fake.rf 1440.00000000 51773.44664360234921219 0.10000 7 
 fake.rf 1440.00000000 51787.26252804683303310 0.10000 7 
 fake.rf 1440.00000000 51801.46676113943284392 0.10000 7 
 fake.rf 1440.00000000 51815.09665405256698278 0.10000 7 
 fake.rf 1440.00000000 51829.20129352362512876 0.10000 7 
 fake.rf 1440.00000000 51843.41829387150800912 0.10000 7 
 fake.rf 1440.00000000 51857.24291273139702696 0.10000 7 
 fake.rf 1440.00000000 51871.13270721119376105 0.10000 7 
 fake.rf 1440.00000000 51885.27319411665424909 0.10000 7 
 fake.rf 1440.00000000 51898.82982576384739914 0.10000 7 
 fake.rf 1440.00000000 51913.04452736369320931 0.10000 7 
 fake.rf 1440.00000000 51926.95553901159011900 0.10000 7 
 fake.rf 1440.00000000 51941.02783781342721525 0.10000 7 
 fake.rf 1440.00000000 51954.88881988881735552 0.10000 7 
 fake.rf 1440.00000000 51968.96408290757741710 0.10000 7 
 fake.rf 1440.00000000 51982.61640388774768340 0.10000 7 
 fake.rf 1440.00000000 51996.64033501170389684 0.10000 7 
 fake.rf 1440.00000000 52010.99752450970706974 0.10000 7 
 fake.rf 1440.00000000 52024.72165339216447677 0.10000 7 
 fake.rf 1440.00000000 52038.56959673697291890 0.10000 7 
 fake.rf 1440.00000000 52052.38153484255714076 0.10000 7 
 fake.rf 1440.00000000 52066.42603457428329250 0.10000 7 
 fake.rf 1440.00000000 52080.27876332860633113 0.10000 7 
 fake.rf 1440.00000000 52094.61811800951082674 0.10000 7 
 fake.rf 1440.00000000 52108.21189371415697522 0.10000 7 
 fake.rf 1440.00000000 52122.12554410636750291 0.10000 7 
 fake.rf 1440.00000000 52136.47068868496514327 0.10000 7 
 fake.rf 1440.00000000 52150.41241315240518972 0.10000 7 
 fake.rf 1440.00000000 52164.49965094243814079 0.10000 7 
 fake.rf 1440.00000000 52178.42855894517633430 0.10000 7 
 fake.rf 1440.00000000 52191.95878206651915932 0.10000 7 
 fake.rf 1440.00000000 52206.09656545488067891 0.10000 7 
 fake.rf 1440.00000000 52219.87958395110878840 0.10000 7 
 fake.rf 1440.00000000 52234.31893292040339816 0.10000 7 
 fake.rf 1440.00000000 52248.12483528736725091 0.10000 7 
 fake.rf 1440.00000000 52262.05071933887910518 0.10000 7 
 fake.rf 1440.00000000 52276.07862804733102635 0.10000 7 
 fake.rf 1440.00000000 52289.74737533029279390 0.10000 7 
 fake.rf 1440.00000000 52304.26794662053283247 0.10000 7 
 fake.rf 1440.00000000 52317.80790157774621818 0.10000 7 
 fake.rf 1440.00000000 52331.73817326752690349 0.10000 7 
 fake.rf 1440.00000000 52345.84500556843205032 0.10000 7 
 fake.rf 1440.00000000 52360.00086488592911138 0.10000 7 
 fake.rf 1440.00000000 52374.04166144367382074 0.10000 7 
 fake.rf 1440.00000000 52388.04770188155745103 0.10000 7 
 fake.rf 1440.00000000 52401.65038365450984870 0.10000 7 
 fake.rf 1440.00000000 52415.38172727128322848 0.10000 7 
 fake.rf 1440.00000000 52429.44992488342351677 0.10000 7 
 fake.rf 1440.00000000 52443.44802220414750593 0.10000 7 
 fake.rf 1440.00000000 52457.60838746324047221 0.10000 7 
 fake.rf 1440.00000000 52471.56275449990605964 0.10000 7 
 fake.rf 1440.00000000 52485.41101602645294832 0.10000 7 
 fake.rf 1440.00000000 52499.65410699730368549 0.10000 7 
 fake.rf 1440.00000000 52513.49942887468911223 0.10000 7 
 fake.rf 1440.00000000 52527.05860446340367886 0.10000 7 
 fake.rf 1440.00000000 52541.60036389901061682 0.10000 7 
 fake.rf 1440.00000000 52555.39756218752165395 0.10000 7 
 fake.rf 1440.00000000 52569.34010843553588188 0.10000 7 
 fake.rf 1440.00000000 52583.19515175544938401 0.10000 7 
 fake.rf 1440.00000000 52597.11781390919782453 0.10000 7 
 fake.rf 1440.00000000 52611.02749426307934044 0.10000 7 
 fake.rf 1440.00000000 52625.11765338269256276 0.10000 7 
 fake.rf 1440.00000000 52639.21632500001574684 0.10000 7 
 fake.rf 1440.00000000 52652.94724996517404136 0.10000 7 
 fake.rf 1440.00000000 52666.84831742981466007 0.10000 7 
 fake.rf 1440.00000000 52680.79111749174462886 0.10000 7 
 fake.rf 1440.00000000 52695.15281924190289686 0.10000 7 
 fake.rf 1440.00000000 52709.12002142087640522 0.10000 7 
 fake.rf 1440.00000000 52722.76979485389570002 0.10000 7 
 fake.rf 1440.00000000 52737.02362730411381975 0.10000 7 
 fake.rf 1440.00000000 52750.56901055486425633 0.10000 7 
 fake.rf 1440.00000000 52764.85394834715699730 0.10000 7 
 fake.rf 1440.00000000 52778.58617248734902816 0.10000 7 
 fake.rf 1440.00000000 52792.32564114532544153 0.10000 7 
 fake.rf 1440.00000000 52806.68960159469447291 0.10000 7 
 fake.rf 1440.00000000 52820.46609226022149741 0.10000 7 
 fake.rf 1440.00000000 52834.51313538574613915 0.10000 7 
 fake.rf 1440.00000000 52848.64666549926326766 0.10000 7 
 fake.rf 1440.00000000 52862.52957988021975311 0.10000 7 
 fake.rf 1440.00000000 52876.61294638217797370 0.10000 7 
 fake.rf 1440.00000000 52890.27840113276837286 0.10000 7 
 fake.rf 1440.00000000 52904.15390855557760830 0.10000 7 
 fake.rf 1440.00000000 52918.12376268424995729 0.10000 7 
 fake.rf 1440.00000000 52932.07053449498742026 0.10000 7 
 fake.rf 1440.00000000 52946.49625654940463093 0.10000 7 
 fake.rf 1440.00000000 52960.06351230851228351 0.10000 7 
 fake.rf 1440.00000000 52973.92360301983631743 0.10000 7 
 fake.rf 1440.00000000 52988.18474936154859734 0.10000 7 
 fake.rf 1440.00000000 53001.73277746681608846 0.10000 7 
