FORMAT 1
 fake.rf 1440.00000000 50000.08718823525569874 0.10000 7 
 fake.rf 1440.00000000 50014.49954839935280404 0.10000 7 
 fake.rf 1440.00000000 50027.95677203234851049 0.10000 7 
 fake.rf 1440.00000000 50042.46229816516012079 0.10000 7 
 fake.rf 1440.00000000 50056.28264529693603535 0.10000 7 
 fake.rf 1440.00000000 50070.03407394195205171 0.10000 7 
 fake.rf 1440.00000000 50083.81239389800460771 0.10000 7 
 fake.rf 1440.00000000 50097.80497997076310313 0.10000 7 
 fake.rf 1440.00000000 50111.72184154901384900 0.10000 7 
 fake.rf 1440.00000000 50125.61604764241790377 0.10000 7 
 fake.rf 1440.00000000 50139.72600255733279795 0.10000 7 
 fake.rf 1440.00000000 50153.69755420797170231 0.10000 7 
 fake.rf 1440.00000000 50167.80113757910919503 0.10000 7 
 fake.rf 1440.00000000 50181.64924652611707856 0.10000 7 
 fake.rf 1440.00000000 50195.68285172084027934 0.10000 7 
 fake.rf 1440.00000000 50209.60344470225496138 0.10000 7 
 fake.rf 1440.00000000 50223.43333121860349166 0.10000 7 
 fake.rf 1440.00000000 50237.93851951501645203 0.10000 7 
 fake.rf 1440.00000000 50251.49539845195647558 0.10000 7 
 fake.rf 1440.00000000 50265.56144620058848815 0.10000 7 
 fake.rf 1440.00000000 50279.69611056704328789 0.10000 7 
 fake.rf 1440.00000000 50293.44859521547724412 0.10000 7 
 fake.rf 1440.00000000 50307.23008791850206833 0.10000 7 
 fake.rf 1440.00000000 50321.34857632374158243 0.10000 7 
 fake.rf 1440.00000000 50335.57925468569978378 0.10000 7 
 fake.rf 1440.00000000 50349.16769439657886664 0.10000 7 
 fake.rf 1440.00000000 50363.44708229863843130 0.10000 7 
 fake.rf 1440.00000000 50377.48313163290451655 0.10000 7 
 fake.rf 1440.00000000 50391.42239514576275994 0.10000 7 
 fake.rf 1440.00000000 50404.87735810578033124 0.10000 7 
 fake.rf 1440.00000000 50419.09254447855911607 0.10000 7 
 fake.rf 1440.00000000 50432.78773140277995068 0.10000 7 
 fake.rf 1440.00000000 50447.35994732161322673 0.10000 7 
 fake.rf 1440.00000000 50461.07058338114469365 0.10000 7 
 fake.rf 1440.00000000 50474.64285588767521773 0.10000 7 
 fake.rf 1440.00000000 50489.07364489301179944 0.10000 7 
 fake.rf 1440.00000000 50502.57393567344372443 0.10000 7 
 fake.rf 1440.00000000 50516.62942093760662132 0.10000 7 
 fake.rf 1440.00000000 50531.09102214757172433 0.10000 7 
 fake.rf 1440.00000000 50544.54640047224687649 0.10000 7 
 fake.rf 1440.00000000 50558.53431791196474165 0.10000 7 
 fake.rf 1440.00000000 50572.47743336504262501 0.10000 7 
 fake.rf 1440.00000000 50586.60925613010969215 0.10000 7 
 fake.rf 1440.00000000 50600.73898300770796510 0.10000 7 
 fake.rf 1440.00000000 50614.56843347431901492 0.10000 7 
 fake.rf 1440.00000000 50628.77208754243443423 0.10000 7 
 fake.rf 1440.00000000 50642.19396668220689151 0.10000 7 
 fake.rf 1440.00000000 50656.55819645728198708 0.10000 7 
 fake.rf 1440.00000000 50670.63859820950665380 0.10000 7 
 fake.rf 1440.00000000 50684.32224905105044144 0.10000 7 
 fake.rf 1440.00000000 50698.12408598021813333 0.10000 7 
 fake.rf 1440.00000000 50712.37737822823886802 0.10000 7 
 fake.rf 1440.00000000 50726.51840644520268242 0.10000 7 
 fake.rf 1440.00000000 50740.13996205245945248 0.10000 7 
 fake.rf 1440.00000000 50753.88330214267375950 0.10000 7 
 fake.rf 1440.00000000 50768.29323471845525617 0.10000 7 
 fake.rf 1440.00000000 50782.20812285332358726 0.10000 7 
 fake.rf 1440.00000000 50796.26907683613403677 0.10000 7 
 fake.rf 1440.00000000 50810.08661821982098417 0.10000 7 
 fake.rf 1440.00000000 50823.97899587696209522 0.10000 7 
 fake.rf 1440.00000000 50838.19980563435094112 0.10000 7 
 fake.rf 1440.00000000 50852.27075937542497641 0.10000 7 
 fake.rf 1440.00000000 50865.89655011701147913 0.10000 7 
 fake.rf 1440.00000000 50880.06113509519761706 0.10000 7 
 fake.rf 1440.00000000 50893.88095098113778292 0.10000 7 
 fake.rf 1440.00000000 50907.78390695243632891 0.10000 7 
 fake.rf 1440.00000000 50921.75084040982503808 0.10000 7 
 fake.rf 1440.00000000 50935.77583974869333971 0.10000 7 
 fake.rf 1440.00000000 50949.77250707546095398 0.10000 7 
 fake.rf 1440.00000000 50963.57260116108826864 0.10000 7 
 fake.rf 1440.00000000 50977.75787155500857395 0.10000 7 
 fake.rf 1440.00000000 50991.78068236195295881 0.10000 7 
 fake.rf 1440.00000000 51005.56211795187295266 0.10000 7 
 fake.rf 1440.00000000 51019.25077057336689634 0.10000 7 
 fake.rf 1440.00000000 51033.44153424456909818 0.10000 7 
 fake.rf 1440.00000000 51047.09064639592219592 0.10000 7 
 fake.rf 1440.00000000 51061.68784577821429593 0.10000 7 
 fake.rf 1440.00000000 51075.33871472809818570 0.10000 7 
 fake.rf 1440.00000000 51089.39028275105862065 0.10000 7 
 fake.rf 1440.00000000 51103.43944326588643534 0.10000 7 
 fake.rf 1440.00000000 51117.47885577242228905 0.10000 7 
 fake.rf 1440.00000000 51131.37048676361320076 0.10000 7 
 fake.rf 1440.00000000 51145.04449893213985590 0.10000 7 
 fake.rf 1440.00000000 51159.26316571063778937 0.10000 7 
 fake.rf 1440.00000000 51172.81457837519358378 0.10000 7 
 fake.rf 1440.00000000 51186.93682338207477400 0.10000 7 
 fake.rf 1440.00000000 51200.93698219017926121 0.10000 7 
 fake.rf 1440.00000000 51215.10817565471931800 0.10000 7 
 fake.rf 1440.00000000 51228.66293402202211027 0.10000 7 
 fake.rf 1440.00000000 51243.18552698101162335 0.10000 7 
 fake.rf 1440.00000000 51256.62065755535489586 0.10000 7 
 fake.rf 1440.00000000 51271.10111839195539574 0.10000 7 
 fake.rf 1440.00000000 51285.06622447669615994 0.10000 7 
 fake.rf 1440.00000000 51298.83203850631344523 0.10000 7 
 fake.rf 1440.00000000 51312.84864372470787330 0.10000 7 
 fake.rf 1440.00000000 51326.67179179825993174 0.10000 7 
 fake.rf 1440.00000000 51340.37878787956491422 0.10000 7 
 fake.rf 1440.00000000 51354.40055260352398747 0.10000 7 
 fake.rf 1440.00000000 51368.28692602446707127 0.10000 7 
 fake.rf 1440.00000000 51382.69548219418002688 0.10000 7 
 fake.rf 1440.00000000 51396.55556707303962938 0.10000 7 
 fake.rf 1440.00000000 51410.66543700100537251 0.10000 7 
 fake.rf 1440.00000000 51424.46836329094964313 0.10000 7 
 fake.rf 1440.00000000 51438.14810981100526632 0.10000 7 
 fake.rf 1440.00000000 51451.98485845387007132 0.10000 7 
 fake.rf 1440.00000000 51466.01677454828247349 0.10000 7 
 fake.rf 1440.00000000 51480.05052593635106462 0.10000 7 
 fake.rf 1440.00000000 51493.85603331432348284 0.10000 7 
 fake.rf 1440.00000000 51508.24371108355454041 0.10000 7 
 fake.rf 1440.00000000 51522.36725655496253395 0.10000 7 
 fake.rf 1440.00000000 51536.26015056950400250 0.10000 7 
 fake.rf 1440.00000000 51550.05880030797247215 0.10000 7 
 fake.rf 1440.00000000 51564.11220276296172216 0.10000 7 
 fake.rf 1440.00000000 51577.71733503141187427 0.10000 7 
 fake.rf 1440.00000000 51591.77287760332932720 0.10000 7 
 fake.rf 1440.00000000 51606.08258547537205985 0.10000 7 
 fake.rf 1440.00000000 51619.84818874001987865 0.10000 7 
 fake.rf 1440.00000000 51633.94211622536319339 0.10000 7 
 fake.rf 1440.00000000 51647.79457697279950068 0.10000 7 
 fake.rf 1440.00000000 51661.81983134513684774 0.10000 7 
 fake.rf 1440.00000000 51675.80791113848290408 0.10000 7 
 fake.rf 1440.00000000 51689.80039523881111663 0.10000 7 
 fake.rf 1440.00000000 51703.67766984119560547 0.10000 7 
 fake.rf 1440.00000000 51717.66908182491473056 0.10000 7 
 fake.rf 1440.00000000 51731.46560599645067313 0.10000 7 
 fake.rf 1440.00000000 51745.39771188238166744 0.10000 7 
 fake.rf 1440.00000000 51759.25049796041896855 0.10000 7 
 fake.rf 1440.00000000 51773.45891100699930831 0.10000 7 
 fake.rf 1440.00000000 51787.45100760445432186 0.10000 7 
 fake.rf 1440.00000000 51801.22839319831258109 0.10000 7 
 fake.rf 1440.00000000 51815.21692180514114767 0.10000 7 
 fake.rf 1440.00000000 51829.10732939054665991 0.10000 7 
 fake.rf 1440.00000000 51843.03281099647616870 0.10000 7 
 fake.rf 1440.00000000 51856.86249196286185992 0.10000 7 
 fake.rf 1440.00000000 51871.13753880126558471 0.10000 7 
 fake.rf 1440.00000000 51884.93799501887358261 0.10000 7 
 fake.rf 1440.00000000 51898.83781817936643677 0.10000 7 
 fake.rf 1440.00000000 51913.18484249648975748 0.10000 7 
 fake.rf 1440.00000000 51926.82903219685131191 0.10000 7 
 fake.rf 1440.00000000 51941.15475917600162603 0.10000 7 
 fake.rf 1440.00000000 51954.99688840458343364 0.10000 7 
 fake.rf 1440.00000000 51968.57219813765034289 0.10000 7 
 fake.rf 1440.00000000 51982.73480094901712434 0.10000 7 
 fake.rf 1440.00000000 51996.66855869471460849 0.10000 7 
 fake.rf 1440.00000000 52010.55389338621152362 0.10000 7 
 fake.rf 1440.00000000 52024.81026483096881208 0.10000 7 
 fake.rf 1440.00000000 52038.42528985938980668 0.10000 7 
 fake.rf 1440.00000000 52052.78112052843220070 0.10000 7 
 fake.rf 1440.00000000 52066.50297891867031908 0.10000 7 
 fake.rf 1440.00000000 52080.67535740441667613 0.10000 7 
 fake.rf 1440.00000000 52094.42800187368952436 0.10000 7 
 fake.rf 1440.00000000 52108.17616612436667367 0.10000 7 
 fake.rf 1440.00000000 52122.37925473665497123 0.10000 7 
 fake.rf 1440.00000000 52136.71406649987751436 0.10000 7 
 fake.rf 1440.00000000 52150.49186880749550710 0.10000 7 
 fake.rf 1440.00000000 52164.52970776899367067 0.10000 7 
 fake.rf 1440.00000000 52178.16818475595545124 0.10000 7 
 fake.rf 1440.00000000 52192.50366585730366253 0.10000 7 
 fake.rf 1440.00000000 52206.12147725084209071 0.10000 7 
 fake.rf 1440.00000000 52220.45694364853419955 0.10000 7 
 fake.rf 1440.00000000 52233.94136969654316260 0.10000 7 
 fake.rf 1440.00000000 52248.25260245962553540 0.10000 7 
 fake.rf 1440.00000000 52261.85003578829332582 0.10000 7 
 fake.rf 1440.00000000 52275.96483618653288872 0.10000 7 
 fake.rf 1440.00000000 52290.14397595092281179 0.10000 7 
 fake.rf 1440.00000000 52304.05468221843767651 0.10000 7 
 fake.rf 1440.00000000 52318.00816491478179771 0.10000 7 
 fake.rf 1440.00000000 52332.12535391894156689 0.10000 7 
 fake.rf 1440.00000000 52345.75464388539431226 0.10000 7 
 fake.rf 1440.00000000 52360.05720901545819501 0.10000 7 
 fake.rf 1440.00000000 52373.87168447049205611 0.10000 7 
 fake.rf 1440.00000000 52388.04799632708992974 0.10000 7 
 fake.rf 1440.00000000 52401.96409725443302108 0.10000 7 
 fake.rf 1440.00000000 52415.97940152367581135 0.10000 7 
 fake.rf 1440.00000000 52429.46103053879922484 0.10000 7 
 fake.rf 1440.00000000 52443.30069228271788262 0.10000 7 
 fake.rf 1440.00000000 52457.61059408513386870 0.10000 7 
 fake.rf 1440.00000000 52471.41214083602463347 0.10000 7 
 fake.rf 1440.00000000 52485.64585934866353867 0.10000 7 
 fake.rf 1440.00000000 52499.71584556240292940 0.10000 7 
 fake.rf 1440.00000000 52513.06133019411475615 0.10000 7 
 fake.rf 1440.00000000 52527.08591925694296165 0.10000 7 
 fake.rf 1440.00000000 52541.60896240912607169 0.10000 7 
 fake.rf 1440.00000000 52555.19576183106437028 0.10000 7 
 fake.rf 1440.00000000 52568.92672198855048649 0.10000 7 
 fake.rf 1440.00000000 52583.26579350526832357 0.10000 7 
 fake.rf 1440.00000000 52596.92865795030996168 0.10000 7 
 fake.rf 1440.00000000 52611.00298788026955066 0.10000 7 
 fake.rf 1440.00000000 52625.04909982310904226 0.10000 7 
 fake.rf 1440.00000000 52639.03466836667075768 0.10000 7 
 fake.rf 1440.00000000 52652.81602408852370445 0.10000 7 
 fake.rf 1440.00000000 52667.05145489955610216 0.10000 7 
 fake.rf 1440.00000000 52680.71981561927265147 0.10000 7 
 fake.rf 1440.00000000 52694.80349735940692568 0.10000 7 
 fake.rf 1440.00000000 52708.52528800261471176 0.10000 7 
 fake.rf 1440.00000000 52723.07768121036443532 0.10000 7 
 fake.rf 1440.00000000 52737.11029528159207302 0.10000 7 
 fake.rf 1440.00000000 52750.82379464044818107 0.10000 7 
 fake.rf 1440.00000000 52764.86493629457918786 0.10000 7 
 fake.rf 1440.00000000 52778.56506635366290325 0.10000 7 
 fake.rf 1440.00000000 52792.61935701282804700 0.10000 7 
 fake.rf 1440.00000000 52806.51320014144458881 0.10000 7 
 fake.rf 1440.00000000 52820.42786810200432157 0.10000 7 
 fake.rf 1440.00000000 52834.43648572834052501 0.10000 7 
 fake.rf 1440.00000000 52848.38385925949027566 0.10000 7 
 fake.rf 1440.00000000 52862.48504897249508261 0.10000 7 
 fake.rf 1440.00000000 52876.37155444095383316 0.10000 7 
 fake.rf 1440.00000000 52890.66705574613936136 0.10000 7 
 fake.rf 1440.00000000 52904.60801836827850764 0.10000 7 
 fake.rf 1440.00000000 52918.09980167809018070 0.10000 7 
 fake.rf 1440.00000000 52932.50351525340517966 0.10000 7 
 fake.rf 1440.00000000 52946.49485528193768147 0.10000 7 
 fake.rf 1440.00000000 52960.04945366619269720 0.10000 7 
 fake.rf 1440.00000000 52974.34776985870600186 0.10000 7 
 fake.rf 1440.00000000 52987.96413531418205523 0.10000 7 
 fake.rf 1440.00000000 53001.95458659282975589 0.10000 7 
