FORMAT 1
 fake.rf 1440.00000000 50000.42111755965633790 0.10000 7 
 fake.rf 1440.00000000 50013.97648549012434671 0.10000 7 
 fake.rf 1440.00000000 50028.13908669740252222 0.10000 7 
 fake.rf 1440.00000000 50042.02083196342534066 0.10000 7 
 fake.rf 1440.00000000 50056.37976418396801748 0.10000 7 
 fake.rf 1440.00000000 50070.31151635428960489 0.10000 7 
 fake.rf 1440.00000000 50084.13255525108986177 0.10000 7 
 fake.rf 1440.00000000 50097.80584683057533013 0.10000 7 
 fake.rf 1440.00000000 50112.13752694909961605 0.10000 7 
 fake.rf 1440.00000000 50125.96399401804752927 0.10000 7 
 fake.rf 1440.00000000 50139.99195188014483904 0.10000 7 
 fake.rf 1440.00000000 50153.94902369590850455 0.10000 7 
 fake.rf 1440.00000000 50168.02576675205769874 0.10000 7 
 fake.rf 1440.00000000 50181.71022180954187775 0.10000 7 
 fake.rf 1440.00000000 50195.43774394048007181 0.10000 7 
 fake.rf 1440.00000000 50209.95884842405362036 0.10000 7 
 fake.rf 1440.00000000 50223.37882328392471365 0.10000 7 
 fake.rf 1440.00000000 50237.58772869801620331 0.10000 7 
 fake.rf 1440.00000000 50251.52743574665348802 0.10000 7 
 fake.rf 1440.00000000 50265.78583348830016320 0.10000 7 
 fake.rf 1440.00000000 50279.24921265862543862 0.10000 7 
 fake.rf 1440.00000000 50293.31051226919626984 0.10000 7 
 fake.rf 1440.00000000 50307.27259091003905667 0.10000 7 
 fake.rf 1440.00000000 50321.31637018255802474 0.10000 7 
 fake.rf 1440.00000000 50335.38574994623179748 0.10000 7 
 fake.rf 1440.00000000 50349.33282652094212040 0.10000 7 
 fake.rf 1440.00000000 50363.17388724357794416 0.10000 7 
 fake.rf 1440.00000000 50377.51541555755873958 0.10000 7 
 fake.rf 1440.00000000 50391.36080881479687577 0.10000 7 
 fake.rf 1440.00000000 50404.83457536539298260 0.10000 7 
 fake.rf 1440.00000000 50419.42902440293027766 0.10000 7 
 fake.rf 1440.00000000 50433.06600382393806825 0.10000 7 
 fake.rf 1440.00000000 50446.80003106113921163 0.10000 7 
 fake.rf 1440.00000000 50460.92864068839342195 0.10000 7 
 fake.rf 1440.00000000 50475.15225811674790179 0.10000 7 
 fake.rf 1440.00000000 50488.61677698324410457 0.10000 7 
 fake.rf 1440.00000000 50502.71536494663344286 0.10000 7 
 fake.rf 1440.00000000 50516.79824717759165509 0.10000 7 
 fake.rf 1440.00000000 50530.64095046988540005 0.10000 7 
 fake.rf 1440.00000000 50545.10944446154085341 0.10000 7 
 fake.rf 1440.00000000 50559.05701996847403734 0.10000 7 
 fake.rf 1440.00000000 50572.96590705352486950 0.10000 7 
 fake.rf 1440.00000000 50586.76303237111007860 0.10000 7 
 fake.rf 1440.00000000 50600.82557701978643294 0.10000 7 
 fake.rf 1440.00000000 50614.45714525247966264 0.10000 7 
 fake.rf 1440.00000000 50628.68668534905740586 0.10000 7 
 fake.rf 1440.00000000 50642.64189393436825881 0.10000 7 
 fake.rf 1440.00000000 50656.39832971791521388 0.10000 7 
 fake.rf 1440.00000000 50670.20833470145309718 0.10000 7 
 fake.rf 1440.00000000 50684.14147631421848317 0.10000 7 
 fake.rf 1440.00000000 50698.19453599773019903 0.10000 7 
 fake.rf 1440.00000000 50712.17281280451785008 0.10000 7 
 fake.rf 1440.00000000 50726.20548006650995276 0.10000 7 
 fake.rf 1440.00000000 50740.25884442563803489 0.10000 7 
 fake.rf 1440.00000000 50754.31912670092734885 0.10000 7 
 fake.rf 1440.00000000 50768.45939985120633153 0.10000 7 
 fake.rf 1440.00000000 50781.83140007975830699 0.10000 7 
 fake.rf 1440.00000000 50795.77096921207952462 0.10000 7 
 fake.rf 1440.00000000 50810.29099658018505892 0.10000 7 
 fake.rf 1440.00000000 50824.21328291210010875 0.10000 7 
 fake.rf 1440.00000000 50837.66484463289290119 0.10000 7 
 fake.rf 1440.00000000 50852.15088055918629451 0.10000 7 
 fake.rf 1440.00000000 50865.74837223619698889 0.10000 7 
 fake.rf 1440.00000000 50879.63885397762330598 0.10000 7 
 fake.rf 1440.00000000 50893.62505891697814775 0.10000 7 
 fake.rf 1440.00000000 50907.48439404349872817 0.10000 7 
 fake.rf 1440.00000000 50921.54428733723979761 0.10000 7 
 fake.rf 1440.00000000 50935.66730634945543699 0.10000 7 
 fake.rf 1440.00000000 50949.64774986915561072 0.10000 7 
 fake.rf 1440.00000000 50963.58857247376965205 0.10000 7 
 fake.rf 1440.00000000 50977.55164497464254936 0.10000 7 
 fake.rf 1440.00000000 50991.51788998513477225 0.10000 7 
 fake.rf 1440.00000000 51005.40582579149466014 0.10000 7 
 fake.rf 1440.00000000 51019.20424962876034769 0.10000 7 
 fake.rf 1440.00000000 51033.27126532617375076 0.10000 7 
 fake.rf 1440.00000000 51047.49566208498987052 0.10000 7 
 fake.rf 1440.00000000 51061.56185211411750657 0.10000 7 
 fake.rf 1440.00000000 51075.62230246408546819 0.10000 7 
 fake.rf 1440.00000000 51088.97469450340747699 0.10000 7 
 fake.rf 1440.00000000 51103.55578219304748089 0.10000 7 
 fake.rf 1440.00000000 51116.92093343005239703 0.10000 7 
 fake.rf 1440.00000000 51131.03127794852261090 0.10000 7 
 fake.rf 1440.00000000 51144.96220186198954494 0.10000 7 
 fake.rf 1440.00000000 51159.06491316810865300 0.10000 7 
 fake.rf 1440.00000000 51173.26684810718454699 0.10000 7 
 fake.rf 1440.00000000 51187.29628031621606610 0.10000 7 
 fake.rf 1440.00000000 51200.91082413307533372 0.10000 7 
 fake.rf 1440.00000000 51215.18965201429917400 0.10000 7 
 fake.rf 1440.00000000 51229.19687953016758186 0.10000 7 
 fake.rf 1440.00000000 51242.70301007897187873 0.10000 7 
 fake.rf 1440.00000000 51256.94235030821028687 0.10000 7 
 fake.rf 1440.00000000 51271.10603224151669721 0.10000 7 
 fake.rf 1440.00000000 51284.46975817017795407 0.10000 7 
 fake.rf 1440.00000000 51299.01148285005140082 0.10000 7 
 fake.rf 1440.00000000 51312.43720590031112039 0.10000 7 
 fake.rf 1440.00000000 51326.49202950534568046 0.10000 7 
 fake.rf 1440.00000000 51340.93131543366877523 0.10000 7 
 fake.rf 1440.00000000 51354.45515774750830573 0.10000 7 
 fake.rf 1440.00000000 51368.67122650777869097 0.10000 7 
 fake.rf 1440.00000000 51382.46251527038069895 0.10000 7 
 fake.rf 1440.00000000 51396.63207296131945157 0.10000 7 
 fake.rf 1440.00000000 51410.18277355366918968 0.10000 7 
 fake.rf 1440.00000000 51424.64520009777994147 0.10000 7 
 fake.rf 1440.00000000 51438.07425298169938799 0.10000 7 
 fake.rf 1440.00000000 51452.12827019523394512 0.10000 7 
 fake.rf 1440.00000000 51466.02927189137454178 0.10000 7 
 fake.rf 1440.00000000 51480.38761427985837571 0.10000 7 
 fake.rf 1440.00000000 51493.87938080997406587 0.10000 7 
 fake.rf 1440.00000000 51507.87905892749628478 0.10000 7 
 fake.rf 1440.00000000 51522.29468609411376434 0.10000 7 
 fake.rf 1440.00000000 51535.73909970968660588 0.10000 7 
 fake.rf 1440.00000000 51549.80882185128784201 0.10000 7 
 fake.rf 1440.00000000 51563.70635291292730429 0.10000 7 
 fake.rf 1440.00000000 51577.78658320624725775 0.10000 7 
 fake.rf 1440.00000000 51591.99724270070076670 0.10000 7 
 fake.rf 1440.00000000 51606.13493473683473667 0.10000 7 
 fake.rf 1440.00000000 51619.61615670907878695 0.10000 7 
 fake.rf 1440.00000000 51633.47958599835911997 0.10000 7 
 fake.rf 1440.00000000 51647.93433200111746117 0.10000 7 
 fake.rf 1440.00000000 51661.46100758464882929 0.10000 7 
 fake.rf 1440.00000000 51675.53546016300992250 0.10000 7 
 fake.rf 1440.00000000 51689.60110580199366126 0.10000 7 
 fake.rf 1440.00000000 51703.32968930310699207 0.10000 7 
 fake.rf 1440.00000000 51717.47276058331717152 0.10000 7 
 fake.rf 1440.00000000 51731.45169034427884114 0.10000 7 
 fake.rf 1440.00000000 51745.31088960077770977 0.10000 7 
 fake.rf 1440.00000000 51759.54701054924426984 0.10000 7 
 fake.rf 1440.00000000 51773.33678555669118637 0.10000 7 
 fake.rf 1440.00000000 51787.42471996957646141 0.10000 7 
 fake.rf 1440.00000000 51801.24846895117981660 0.10000 7 
 fake.rf 1440.00000000 51815.53442564486932298 0.10000 7 
 fake.rf 1440.00000000 51829.16347702536073783 0.10000 7 
 fake.rf 1440.00000000 51843.24281939074190717 0.10000 7 
 fake.rf 1440.00000000 51857.36276195938257061 0.10000 7 
 fake.rf 1440.00000000 51871.12575903314219872 0.10000 7 
 fake.rf 1440.00000000 51885.29734465919584707 0.10000 7 
 fake.rf 1440.00000000 51899.35651506212541051 0.10000 7 
 fake.rf 1440.00000000 51912.84941385586855134 0.10000 7 
 fake.rf 1440.00000000 51927.21765870941759147 0.10000 7 
 fake.rf 1440.00000000 51940.64806658149923990 0.10000 7 
 fake.rf 1440.00000000 51954.59481864650749472 0.10000 7 
 fake.rf 1440.00000000 51969.11236998532994846 0.10000 7 
 fake.rf 1440.00000000 51982.65072604063018602 0.10000 7 
 fake.rf 1440.00000000 51996.53323514855043896 0.10000 7 
 fake.rf 1440.00000000 52010.50257615018542978 0.10000 7 
 fake.rf 1440.00000000 52024.95648448467381542 0.10000 7 
 fake.rf 1440.00000000 52039.01491165508950942 0.10000 7 
 fake.rf 1440.00000000 52052.50370076600438551 0.10000 7 
 fake.rf 1440.00000000 52066.85926443308243705 0.10000 7 
 fake.rf 1440.00000000 52080.74399702571305681 0.10000 7 
 fake.rf 1440.00000000 52094.46435436554702747 0.10000 7 
 fake.rf 1440.00000000 52108.26593003612871158 0.10000 7 
 fake.rf 1440.00000000 52122.25453433321274588 0.10000 7 
 fake.rf 1440.00000000 52136.40836793331172316 0.10000 7 
 fake.rf 1440.00000000 52150.39124094672829557 0.10000 7 
 fake.rf 1440.00000000 52164.39700101636440621 0.10000 7 
 fake.rf 1440.00000000 52178.44826002236714757 0.10000 7 
 fake.rf 1440.00000000 52192.03881327970743698 0.10000 7 
 fake.rf 1440.00000000 52206.53924122567470079 0.10000 7 
 fake.rf 1440.00000000 52220.04999389533277920 0.10000 7 
 fake.rf 1440.00000000 52234.16918893368354304 0.10000 7 
 fake.rf 1440.00000000 52248.32713295680767018 0.10000 7 
 fake.rf 1440.00000000 52262.17182981987584967 0.10000 7 
 fake.rf 1440.00000000 52275.74192657196765666 0.10000 7 
 fake.rf 1440.00000000 52290.05803923108879516 0.10000 7 
 fake.rf 1440.00000000 52303.70395926191839919 0.10000 7 
 fake.rf 1440.00000000 52318.15053439089254539 0.10000 7 
 fake.rf 1440.00000000 52331.89737683094920584 0.10000 7 
 fake.rf 1440.00000000 52345.74108840536826293 0.10000 7 
 fake.rf 1440.00000000 52359.92746775489207778 0.10000 7 
 fake.rf 1440.00000000 52373.80961086104904112 0.10000 7 
 fake.rf 1440.00000000 52387.63830052718972041 0.10000 7 
 fake.rf 1440.00000000 52401.71379057104570975 0.10000 7 
 fake.rf 1440.00000000 52415.83918243575493889 0.10000 7 
 fake.rf 1440.00000000 52429.58860736414246873 0.10000 7 
 fake.rf 1440.00000000 52443.67166442051144770 0.10000 7 
 fake.rf 1440.00000000 52457.62252402087198888 0.10000 7 
 fake.rf 1440.00000000 52471.46860222265991780 0.10000 7 
 fake.rf 1440.00000000 52485.74534107648933912 0.10000 7 
 fake.rf 1440.00000000 52499.42332378082359057 0.10000 7 
 fake.rf 1440.00000000 52513.19236059334619782 0.10000 7 
 fake.rf 1440.00000000 52527.22768294018633028 0.10000 7 
 fake.rf 1440.00000000 52541.41213397951093711 0.10000 7 
 fake.rf 1440.00000000 52555.20800121258109883 0.10000 7 
 fake.rf 1440.00000000 52569.43538316605997807 0.10000 7 
 fake.rf 1440.00000000 52582.97426661729357633 0.10000 7 
 fake.rf 1440.00000000 52597.48078671930086259 0.10000 7 
 fake.rf 1440.00000000 52611.13098696114066755 0.10000 7 
 fake.rf 1440.00000000 52624.96531646203521504 0.10000 7 
 fake.rf 1440.00000000 52639.34382385710835450 0.10000 7 
 fake.rf 1440.00000000 52653.20966961093118641 0.10000 7 
 fake.rf 1440.00000000 52667.20142017665455825 0.10000 7 
 fake.rf 1440.00000000 52681.10943099016681757 0.10000 7 
 fake.rf 1440.00000000 52694.85819971897047864 0.10000 7 
 fake.rf 1440.00000000 52709.12493983928565555 0.10000 7 
 fake.rf 1440.00000000 52722.72062267479293851 0.10000 7 
 fake.rf 1440.00000000 52736.82020412471151971 0.10000 7 
 fake.rf 1440.00000000 52750.90507865794875997 0.10000 7 
 fake.rf 1440.00000000 52764.95249676427952679 0.10000 7 
 fake.rf 1440.00000000 52778.93401588552154280 0.10000 7 
 fake.rf 1440.00000000 52792.57682912812192555 0.10000 7 
 fake.rf 1440.00000000 52806.54461641685835360 0.10000 7 
 fake.rf 1440.00000000 52820.39305122190225106 0.10000 7 
 fake.rf 1440.00000000 52834.81624727881594339 0.10000 7 
 fake.rf 1440.00000000 52848.28098587149058929 0.10000 7 
 fake.rf 1440.00000000 52862.58373827715719173 0.10000 7 
 fake.rf 1440.00000000 52876.46155079669287957 0.10000 7 
 fake.rf 1440.00000000 52890.58204166474492425 0.10000 7 
 fake.rf 1440.00000000 52904.10243172512222998 0.10000 7 
 fake.rf 1440.00000000 52918.29520922121271198 0.10000 7 
 fake.rf 1440.00000000 52932.13190884266069602 0.10000 7 
 fake.rf 1440.00000000 52946.12622839204010106 0.10000 7 
 fake.rf 1440.00000000 52960.39255436815669498 0.10000 7 
 fake.rf 1440.00000000 52974.45193104740407364 0.10000 7 
 fake.rf 1440.00000000 52988.28034387735204191 0.10000 7 
 fake.rf 1440.00000000 53002.14561119286669921 0.10000 7 
