FORMAT 1
 fake.rf 1440.00000000 50000.04061879585017181 0.10000 7 
 fake.rf 1440.00000000 50014.41377786316127185 0.10000 7 
 fake.rf 1440.00000000 50027.96747152025580618 0.10000 7 
 fake.rf 1440.00000000 50042.14317987891746853 0.10000 7 
 fake.rf 1440.00000000 50056.26640578154382055 0.10000 7 
 fake.rf 1440.00000000 50070.39083795717244385 0.10000 7 
 fake.rf 1440.00000000 50083.92985627483537669 0.10000 7 
 fake.rf 1440.00000000 50097.99931908385650914 0.10000 7 
 fake.rf 1440.00000000 50111.91074601546148770 0.10000 7 
 fake.rf 1440.00000000 50125.75473044837368519 0.10000 7 
 fake.rf 1440.00000000 50140.12476889899220112 0.10000 7 
 fake.rf 1440.00000000 50154.17400329463331232 0.10000 7 
 fake.rf 1440.00000000 50168.14108833487511774 0.10000 7 
 fake.rf 1440.00000000 50181.93010430167607439 0.10000 7 
 fake.rf 1440.00000000 50195.99908388157059846 0.10000 7 
 fake.rf 1440.00000000 50209.64720824617372941 0.10000 7 
 fake.rf 1440.00000000 50223.44223757967876409 0.10000 7 
 fake.rf 1440.00000000 50237.39787801006169587 0.10000 7 
 fake.rf 1440.00000000 50251.50742447654751288 0.10000 7 
 fake.rf 1440.00000000 50265.47208511389534991 0.10000 7 
 fake.rf 1440.00000000 50279.76870412761597962 0.10000 7 
 fake.rf 1440.00000000 50293.79428915370040087 0.10000 7 
 fake.rf 1440.00000000 50307.25100004745890203 0.10000 7 
 fake.rf 1440.00000000 50321.10623515601315248 0.10000 7 
 fake.rf 1440.00000000 50335.36282375736460892 0.10000 7 
 fake.rf 1440.00000000 50349.36112699600193920 0.10000 7 
 fake.rf 1440.00000000 50363.24890777951946319 0.10000 7 
 fake.rf 1440.00000000 50377.14338170833532615 0.10000 7 
 fake.rf 1440.00000000 50391.23928770608122463 0.10000 7 
 fake.rf 1440.00000000 50404.99370742360433795 0.10000 7 
 fake.rf 1440.00000000 50418.79167466888363336 0.10000 7 
 fake.rf 1440.00000000 50433.22895961834829137 0.10000 7 
 fake.rf 1440.00000000 50446.72809780244738320 0.10000 7 
 fake.rf 1440.00000000 50460.78465146838966859 0.10000 7 
 fake.rf 1440.00000000 50474.76920412245612724 0.10000 7 
 fake.rf 1440.00000000 50489.09646093614350448 0.10000 7 
 fake.rf 1440.00000000 50502.64900616112980813 0.10000 7 
 fake.rf 1440.00000000 50516.87746988969307793 0.10000 7 
 fake.rf 1440.00000000 50530.64574893124420640 0.10000 7 
 fake.rf 1440.00000000 50544.81461382664543081 0.10000 7 
 fake.rf 1440.00000000 50558.92528799843778486 0.10000 7 
 fake.rf 1440.00000000 50572.43516498265428893 0.10000 7 
 fake.rf 1440.00000000 50586.69149031997148924 0.10000 7 
 fake.rf 1440.00000000 50600.80747560546322106 0.10000 7 
 fake.rf 1440.00000000 50614.81126126042308044 0.10000 7 
 fake.rf 1440.00000000 50628.50812558227290694 0.10000 7 
 fake.rf 1440.00000000 50642.31046130534824101 0.10000 7 
 fake.rf 1440.00000000 50656.14750229483209054 0.10000 7 
 fake.rf 1440.00000000 50670.50489983815200290 0.10000 7 
 fake.rf 1440.00000000 50684.45500808050210395 0.10000 7 
 fake.rf 1440.00000000 50698.29493576425904422 0.10000 7 
 fake.rf 1440.00000000 50712.32051169237294630 0.10000 7 
 fake.rf 1440.00000000 50726.33443111783950741 0.10000 7 
 fake.rf 1440.00000000 50740.33596240027989310 0.10000 7 
 fake.rf 1440.00000000 50754.25499953596224145 0.10000 7 
 fake.rf 1440.00000000 50767.89706692138780753 0.10000 7 
 fake.rf 1440.00000000 50781.93512751898231627 0.10000 7 
 fake.rf 1440.00000000 50795.78017144187037601 0.10000 7 
 fake.rf 1440.00000000 50810.02160552896334522 0.10000 7 
 fake.rf 1440.00000000 50824.19379816449883691 0.10000 7 
 fake.rf 1440.00000000 50837.83148791890132401 0.10000 7 
 fake.rf 1440.00000000 50851.90911525351806688 0.10000 7 
 fake.rf 1440.00000000 50865.89015230094518927 0.10000 7 
 fake.rf 1440.00000000 50879.73187292765708989 0.10000 7 
 fake.rf 1440.00000000 50893.90428000867685299 0.10000 7 
 fake.rf 1440.00000000 50907.90809574811038019 0.10000 7 
 fake.rf 1440.00000000 50921.44863263326518421 0.10000 7 
 fake.rf 1440.00000000 50935.87847771342017822 0.10000 7 
 fake.rf 1440.00000000 50949.48231654175323868 0.10000 7 
 fake.rf 1440.00000000 50963.49602521694684398 0.10000 7 
 fake.rf 1440.00000000 50977.46629458294203374 0.10000 7 
 fake.rf 1440.00000000 50991.88570026152810399 0.10000 7 
 fake.rf 1440.00000000 51005.44751198807854564 0.10000 7 
 fake.rf 1440.00000000 51019.71233280005699484 0.10000 7 
 fake.rf 1440.00000000 51033.61928314317157884 0.10000 7 
 fake.rf 1440.00000000 51047.22310664113463829 0.10000 7 
 fake.rf 1440.00000000 51061.22301778461774546 0.10000 7 
 fake.rf 1440.00000000 51075.63719662858713733 0.10000 7 
 fake.rf 1440.00000000 51089.11628715395396583 0.10000 7 
 fake.rf 1440.00000000 51103.51182186726609658 0.10000 7 
 fake.rf 1440.00000000 51117.24766841380206017 0.10000 7 
 fake.rf 1440.00000000 51131.27157940061415786 0.10000 7 
 fake.rf 1440.00000000 51145.06424941661180483 0.10000 7 
 fake.rf 1440.00000000 51158.85224138907056357 0.10000 7 
 fake.rf 1440.00000000 51172.91590977942139062 0.10000 7 
 fake.rf 1440.00000000 51187.33250963833272351 0.10000 7 
 fake.rf 1440.00000000 51200.80079508227438367 0.10000 7 
 fake.rf 1440.00000000 51214.94075013113103267 0.10000 7 
 fake.rf 1440.00000000 51228.57395331805243543 0.10000 7 
 fake.rf 1440.00000000 51242.98856556661785433 0.10000 7 
 fake.rf 1440.00000000 51256.67227265258003044 0.10000 7 
 fake.rf 1440.00000000 51270.64805834981276789 0.10000 7 
 fake.rf 1440.00000000 51284.51185733206215289 0.10000 7 
 fake.rf 1440.00000000 51298.88149418799616797 0.10000 7 
 fake.rf 1440.00000000 51312.73722653765619484 0.10000 7 
 fake.rf 1440.00000000 51326.81165869070698093 0.10000 7 
 fake.rf 1440.00000000 51340.55667065065462040 0.10000 7 
 fake.rf 1440.00000000 51354.65783269708073178 0.10000 7 
 fake.rf 1440.00000000 51368.53366935933101800 0.10000 7 
 fake.rf 1440.00000000 51382.58741282823870478 0.10000 7 
 fake.rf 1440.00000000 51396.74050961735821730 0.10000 7 
 fake.rf 1440.00000000 51410.62484166017356912 0.10000 7 
 fake.rf 1440.00000000 51424.46955027518065151 0.10000 7 
 fake.rf 1440.00000000 51438.22268480725250228 0.10000 7 
 fake.rf 1440.00000000 51452.41006374182635241 0.10000 7 
 fake.rf 1440.00000000 51466.19994879354094408 0.10000 7 
 fake.rf 1440.00000000 51480.26179953854017057 0.10000 7 
 fake.rf 1440.00000000 51494.48731565845026381 0.10000 7 
 fake.rf 1440.00000000 51508.06293896566064916 0.10000 7 
 fake.rf 1440.00000000 51522.30877304108885539 0.10000 7 
 fake.rf 1440.00000000 51536.30138327581613211 0.10000 7 
 fake.rf 1440.00000000 51550.31774582181757083 0.10000 7 
 fake.rf 1440.00000000 51563.95905020287782961 0.10000 7 
 fake.rf 1440.00000000 51577.78255662159899941 0.10000 7 
 fake.rf 1440.00000000 51591.62513721293660396 0.10000 7 
 fake.rf 1440.00000000 51606.03500266021361043 0.10000 7 
 fake.rf 1440.00000000 51619.64666837129734844 0.10000 7 
 fake.rf 1440.00000000 51633.66242710179327347 0.10000 7 
 fake.rf 1440.00000000 51647.58380705119614973 0.10000 7 
 fake.rf 1440.00000000 51661.53356865379762297 0.10000 7 
 fake.rf 1440.00000000 51676.00216566988496680 0.10000 7 
 fake.rf 1440.00000000 51689.64547877584508129 0.10000 7 
 fake.rf 1440.00000000 51703.60925210891687342 0.10000 7 
 fake.rf 1440.00000000 51717.31320750294871402 0.10000 7 
 fake.rf 1440.00000000 51731.36438360368309830 0.10000 7 
 fake.rf 1440.00000000 51745.22211533326361632 0.10000 7 
 fake.rf 1440.00000000 51759.70539567792471658 0.10000 7 
 fake.rf 1440.00000000 51773.53980978400279156 0.10000 7 
 fake.rf 1440.00000000 51787.53692960624627162 0.10000 7 
 fake.rf 1440.00000000 51801.26760593134396515 0.10000 7 
 fake.rf 1440.00000000 51815.19398960113275621 0.10000 7 
 fake.rf 1440.00000000 51829.38243224020459721 0.10000 7 
 fake.rf 1440.00000000 51843.03566677353762771 0.10000 7 
 fake.rf 1440.00000000 51857.51165175703502186 0.10000 7 
 fake.rf 1440.00000000 51870.82478840712967383 0.10000 7 
 fake.rf 1440.00000000 51885.37029457385298414 0.10000 7 
 fake.rf 1440.00000000 51899.00772397698543514 0.10000 7 
 fake.rf 1440.00000000 51913.08760410675656516 0.10000 7 
 fake.rf 1440.00000000 51927.23018582205559568 0.10000 7 
 fake.rf 1440.00000000 51941.14813127509637170 0.10000 7 
 fake.rf 1440.00000000 51954.84540476383342522 0.10000 7 
 fake.rf 1440.00000000 51969.01882285423564412 0.10000 7 
 fake.rf 1440.00000000 51982.99135691679967763 0.10000 7 
 fake.rf 1440.00000000 51997.03482758300472355 0.10000 7 
 fake.rf 1440.00000000 52011.06997805380414945 0.10000 7 
 fake.rf 1440.00000000 52024.92331879779752057 0.10000 7 
 fake.rf 1440.00000000 52038.74821434478866422 0.10000 7 
 fake.rf 1440.00000000 52052.43325661302744933 0.10000 7 
 fake.rf 1440.00000000 52066.34058214805731879 0.10000 7 
 fake.rf 1440.00000000 52080.79175030662366197 0.10000 7 
 fake.rf 1440.00000000 52094.46478023483598818 0.10000 7 
 fake.rf 1440.00000000 52108.21226223361590613 0.10000 7 
 fake.rf 1440.00000000 52122.34496962965927125 0.10000 7 
 fake.rf 1440.00000000 52136.68666556985553484 0.10000 7 
 fake.rf 1440.00000000 52150.17632906073260912 0.10000 7 
 fake.rf 1440.00000000 52164.39843854044010740 0.10000 7 
 fake.rf 1440.00000000 52178.63609238863133299 0.10000 7 
 fake.rf 1440.00000000 52191.98059554873949040 0.10000 7 
 fake.rf 1440.00000000 52206.07534520075120454 0.10000 7 
 fake.rf 1440.00000000 52220.34834490869369716 0.10000 7 
 fake.rf 1440.00000000 52234.12841715871476467 0.10000 7 
 fake.rf 1440.00000000 52248.18777653783874015 0.10000 7 
 fake.rf 1440.00000000 52262.02077834346724572 0.10000 7 
 fake.rf 1440.00000000 52276.15897787629715410 0.10000 7 
 fake.rf 1440.00000000 52290.06588156797363709 0.10000 7 
 fake.rf 1440.00000000 52303.91691275504038217 0.10000 7 
 fake.rf 1440.00000000 52317.97217782982880507 0.10000 7 
 fake.rf 1440.00000000 52331.55473704671519641 0.10000 7 
 fake.rf 1440.00000000 52345.52387440087477088 0.10000 7 
 fake.rf 1440.00000000 52359.75994728962415081 0.10000 7 
 fake.rf 1440.00000000 52373.96534467274951652 0.10000 7 
 fake.rf 1440.00000000 52387.66998158861120061 0.10000 7 
 fake.rf 1440.00000000 52401.45103194059581853 0.10000 7 
 fake.rf 1440.00000000 52415.66718952609272719 0.10000 7 
 fake.rf 1440.00000000 52429.45352307378978196 0.10000 7 
 fake.rf 1440.00000000 52443.30795006862933150 0.10000 7 
 fake.rf 1440.00000000 52457.41567439604283152 0.10000 7 
 fake.rf 1440.00000000 52471.73179626358103533 0.10000 7 
 fake.rf 1440.00000000 52485.30949149131951970 0.10000 7 
 fake.rf 1440.00000000 52499.36276749526007634 0.10000 7 
 fake.rf 1440.00000000 52513.50161690100240008 0.10000 7 
 fake.rf 1440.00000000 52527.45723485651911133 0.10000 7 
 fake.rf 1440.00000000 52541.29621885902280809 0.10000 7 
 fake.rf 1440.00000000 52555.60600173834402682 0.10000 7 
 fake.rf 1440.00000000 52569.27487505386201860 0.10000 7 
 fake.rf 1440.00000000 52583.30841527580139427 0.10000 7 
 fake.rf 1440.00000000 52597.21186705656432636 0.10000 7 
 fake.rf 1440.00000000 52611.15662023372053469 0.10000 7 
 fake.rf 1440.00000000 52625.23955633403186027 0.10000 7 
 fake.rf 1440.00000000 52639.27598386208869741 0.10000 7 
 fake.rf 1440.00000000 52652.86529618871675140 0.10000 7 
 fake.rf 1440.00000000 52666.76653057136993041 0.10000 7 
 fake.rf 1440.00000000 52680.90054350966945051 0.10000 7 
 fake.rf 1440.00000000 52695.02775039674684265 0.10000 7 
 fake.rf 1440.00000000 52709.10541038795722457 0.10000 7 
 fake.rf 1440.00000000 52722.51788644364064851 0.10000 7 
 fake.rf 1440.00000000 52736.53435054953364158 0.10000 7 
 fake.rf 1440.00000000 52750.70550170063069828 0.10000 7 
 fake.rf 1440.00000000 52764.40542971165728758 0.10000 7 
 fake.rf 1440.00000000 52778.42925717341111636 0.10000 7 
 fake.rf 1440.00000000 52792.87470735317485548 0.10000 7 
 fake.rf 1440.00000000 52806.81825883575184832 0.10000 7 
 fake.rf 1440.00000000 52820.58494925232134420 0.10000 7 
 fake.rf 1440.00000000 52834.18300918380858988 0.10000 7 
 fake.rf 1440.00000000 52848.38094428065618757 0.10000 7 
 fake.rf 1440.00000000 52862.63886101775566573 0.10000 7 
 fake.rf 1440.00000000 52876.12957394596966409 0.10000 7 
 fake.rf 1440.00000000 52890.47345955544418317 0.10000 7 
 fake.rf 1440.00000000 52904.41905747813252958 0.10000 7 
 fake.rf 1440.00000000 52918.19235843332448610 0.10000 7 
 fake.rf 1440.00000000 52931.96107936781372416 0.10000 7 
 fake.rf 1440.00000000 52946.08375277741118836 0.10000 7 
 fake.rf 1440.00000000 52959.85089775795234956 0.10000 7 
 fake.rf 1440.00000000 52974.16349547684124488 0.10000 7 
 fake.rf 1440.00000000 52987.96751117838491041 0.10000 7 
 fake.rf 1440.00000000 53002.10842212652973515 0.10000 7 
