FORMAT 1
 fake.rf 1440.00000000 49999.94466321982906720 0.10000 7 
 fake.rf 1440.00000000 50014.51206983530426697 0.10000 7 
 fake.rf 1440.00000000 50028.50189565707438533 0.10000 7 
 fake.rf 1440.00000000 50042.47660263632694466 0.10000 7 
 fake.rf 1440.00000000 50056.33664887780882680 0.10000 7 
 fake.rf 1440.00000000 50069.99894087842787016 0.10000 7 
 fake.rf 1440.00000000 50084.27015596975660472 0.10000 7 
 fake.rf 1440.00000000 50097.71120193926943287 0.10000 7 
 fake.rf 1440.00000000 50111.70648799313719479 0.10000 7 
 fake.rf 1440.00000000 50125.95572956605644066 0.10000 7 
 fake.rf 1440.00000000 50140.05890537267983476 0.10000 7 
 fake.rf 1440.00000000 50153.69004683716598691 0.10000 7 
 fake.rf 1440.00000000 50167.70106285638990329 0.10000 7 
 fake.rf 1440.00000000 50181.57379006009687572 0.10000 7 
 fake.rf 1440.00000000 50195.64810906790921052 0.10000 7 
 fake.rf 1440.00000000 50209.60672136196598814 0.10000 7 
 fake.rf 1440.00000000 50223.40467259818954915 0.10000 7 
 fake.rf 1440.00000000 50237.38331470741191609 0.10000 7 
 fake.rf 1440.00000000 50251.28998823161456500 0.10000 7 
 fake.rf 1440.00000000 50265.87839157356387787 0.10000 7 
 fake.rf 1440.00000000 50279.57629412956070070 0.10000 7 
 fake.rf 1440.00000000 50293.62990590504023203 0.10000 7 
 fake.rf 1440.00000000 50307.71610332984050373 0.10000 7 
 fake.rf 1440.00000000 50321.15671828284588685 0.10000 7 
 fake.rf 1440.00000000 50335.59808785025209943 0.10000 7 
 fake.rf 1440.00000000 50349.34493402176997989 0.10000 7 
 fake.rf 1440.00000000 50363.48990824204313199 0.10000 7 
 fake.rf 1440.00000000 50377.05329908237714776 0.10000 7 
 fake.rf 1440.00000000 50390.95349105720427829 0.10000 7 
 fake.rf 1440.00000000 50405.48010134274692362 0.10000 7 
 fake.rf 1440.00000000 50419.24848028800998989 0.10000 7 
 fake.rf 1440.00000000 50432.83908657164279887 0.10000 7 
 fake.rf 1440.00000000 50447.30466289659993961 0.10000 7 
 fake.rf 1440.00000000 50461.10109371645288334 0.10000 7 
 fake.rf 1440.00000000 50474.70463306822587057 0.10000 7 
 fake.rf 1440.00000000 50489.06848168201674909 0.10000 7 
 fake.rf 1440.00000000 50503.23209724550344291 0.10000 7 
 fake.rf 1440.00000000 50517.14507774046818511 0.10000 7 
 fake.rf 1440.00000000 50530.98819841268694830 0.10000 7 
 fake.rf 1440.00000000 50544.51865943691857552 0.10000 7 
 fake.rf 1440.00000000 50558.71910751118733884 0.10000 7 
 fake.rf 1440.00000000 50572.70363011407850351 0.10000 7 
 fake.rf 1440.00000000 50586.57012533719292691 0.10000 7 
 fake.rf 1440.00000000 50600.81981547296610202 0.10000 7 
 fake.rf 1440.00000000 50614.71529133587613813 0.10000 7 
 fake.rf 1440.00000000 50628.69433163952956178 0.10000 7 
 fake.rf 1440.00000000 50642.27419351771371936 0.10000 7 
 fake.rf 1440.00000000 50656.67251336736845957 0.10000 7 
 fake.rf 1440.00000000 50670.66842181431479375 0.10000 7 
 fake.rf 1440.00000000 50684.19318326037785383 0.10000 7 
 fake.rf 1440.00000000 50698.55146587088787413 0.10000 7 
 fake.rf 1440.00000000 50712.28350293704644258 0.10000 7 
 fake.rf 1440.00000000 50726.56676888084792765 0.10000 7 
 fake.rf 1440.00000000 50740.38280827483240287 0.10000 7 
 fake.rf 1440.00000000 50754.26035307163699528 0.10000 7 
 fake.rf 1440.00000000 50768.35654796032443059 0.10000 7 
 fake.rf 1440.00000000 50781.95765962735561772 0.10000 7 
 fake.rf 1440.00000000 50796.01840470774022052 0.10000 7 
 fake.rf 1440.00000000 50810.38288317926969029 0.10000 7 
 fake.rf 1440.00000000 50823.92241286106652254 0.10000 7 
 fake.rf 1440.00000000 50837.88132762287899880 0.10000 7 
 fake.rf 1440.00000000 50852.05241114089679044 0.10000 7 
 fake.rf 1440.00000000 50865.88743981405422900 0.10000 7 
 fake.rf 1440.00000000 50879.68349030282761092 0.10000 7 
 fake.rf 1440.00000000 50893.68923070221958227 0.10000 7 
 fake.rf 1440.00000000 50907.83269146781490377 0.10000 7 
 fake.rf 1440.00000000 50922.03081659429181016 0.10000 7 
 fake.rf 1440.00000000 50935.57173200560318094 0.10000 7 
 fake.rf 1440.00000000 50949.66639926963397400 0.10000 7 
 fake.rf 1440.00000000 50963.74587119242931976 0.10000 7 
 fake.rf 1440.00000000 50977.52214033043048858 0.10000 7 
 fake.rf 1440.00000000 50991.85548179458456275 0.10000 7 
 fake.rf 1440.00000000 51005.29103566324735297 0.10000 7 
 fake.rf 1440.00000000 51019.63869278509118033 0.10000 7 
 fake.rf 1440.00000000 51033.59328379295311606 0.10000 7 
 fake.rf 1440.00000000 51047.62920623407710607 0.10000 7 
 fake.rf 1440.00000000 51061.32746307647786210 0.10000 7 
 fake.rf 1440.00000000 51075.56680865583760109 0.10000 7 
 fake.rf 1440.00000000 51089.37261037820162457 0.10000 7 
 fake.rf 1440.00000000 51103.10500172655428130 0.10000 7 
 fake.rf 1440.00000000 51116.90733484081393811 0.10000 7 
 fake.rf 1440.00000000 51131.10964518921153754 0.10000 7 
 fake.rf 1440.00000000 51145.27896634944776721 0.10000 7 
 fake.rf 1440.00000000 51159.40279147146689098 0.10000 7 
 fake.rf 1440.00000000 51172.79270067184065951 0.10000 7 
 fake.rf 1440.00000000 51186.87779264643059918 0.10000 7 
 fake.rf 1440.00000000 51201.13603875593348036 0.10000 7 
 fake.rf 1440.00000000 51214.83195232580404266 0.10000 7 
 fake.rf 1440.00000000 51229.01601546342208593 0.10000 7 
 fake.rf 1440.00000000 51243.01029944151497730 0.10000 7 
 fake.rf 1440.00000000 51256.95063540886465958 0.10000 7 
 fake.rf 1440.00000000 51271.13183937882704910 0.10000 7 
 fake.rf 1440.00000000 51284.66876623564486337 0.10000 7 
 fake.rf 1440.00000000 51298.48235703313736167 0.10000 7 
 fake.rf 1440.00000000 51312.49783752613752341 0.10000 7 
 fake.rf 1440.00000000 51326.74539749802358202 0.10000 7 
 fake.rf 1440.00000000 51340.74067513512918381 0.10000 7 
 fake.rf 1440.00000000 51354.32584014056175903 0.10000 7 
 fake.rf 1440.00000000 51368.81920825634997030 0.10000 7 
 fake.rf 1440.00000000 51382.28071257281712292 0.10000 7 
 fake.rf 1440.00000000 51396.65024223095331024 0.10000 7 
 fake.rf 1440.00000000 51410.29143890917800874 0.10000 7 
 fake.rf 1440.00000000 51424.12451073421905079 0.10000 7 
 fake.rf 1440.00000000 51438.63448699528186481 0.10000 7 
 fake.rf 1440.00000000 51451.99490020835450466 0.10000 7 
 fake.rf 1440.00000000 51466.48745577145181684 0.10000 7 
 fake.rf 1440.00000000 51480.40491388069300527 0.10000 7 
 fake.rf 1440.00000000 51494.16847663371293820 0.10000 7 
 fake.rf 1440.00000000 51508.27193721707217833 0.10000 7 
 fake.rf 1440.00000000 51522.03342311481953786 0.10000 7 
 fake.rf 1440.00000000 51536.23426992314989192 0.10000 7 
 fake.rf 1440.00000000 51550.17828968763559772 0.10000 7 
 fake.rf 1440.00000000 51564.18031200581381057 0.10000 7 
 fake.rf 1440.00000000 51577.92203937053134766 0.10000 7 
 fake.rf 1440.00000000 51592.02811029902548867 0.10000 7 
 fake.rf 1440.00000000 51606.12493454497480272 0.10000 7 
 fake.rf 1440.00000000 51619.98997999923985702 0.10000 7 
 fake.rf 1440.00000000 51633.72585638627631255 0.10000 7 
 fake.rf 1440.00000000 51647.55682031327927817 0.10000 7 
 fake.rf 1440.00000000 51661.64415494134361495 0.10000 7 
 fake.rf 1440.00000000 51675.41254138255791872 0.10000 7 
 fake.rf 1440.00000000 51689.88873403888576519 0.10000 7 
 fake.rf 1440.00000000 51703.52883200555866239 0.10000 7 
 fake.rf 1440.00000000 51717.53903808637723927 0.10000 7 
 fake.rf 1440.00000000 51731.86704754152736641 0.10000 7 
 fake.rf 1440.00000000 51745.56085208156009259 0.10000 7 
 fake.rf 1440.00000000 51759.19017756960481336 0.10000 7 
 fake.rf 1440.00000000 51773.55169067252998261 0.10000 7 
 fake.rf 1440.00000000 51787.53555302331037780 0.10000 7 
 fake.rf 1440.00000000 51801.02980597670574525 0.10000 7 
 fake.rf 1440.00000000 51815.55771618181207572 0.10000 7 
 fake.rf 1440.00000000 51829.28266757334827375 0.10000 7 
 fake.rf 1440.00000000 51843.12300990675152335 0.10000 7 
 fake.rf 1440.00000000 51857.52221798966816024 0.10000 7 
 fake.rf 1440.00000000 51871.12870506573357332 0.10000 7 
 fake.rf 1440.00000000 51885.03435333557143139 0.10000 7 
 fake.rf 1440.00000000 51899.29767638611774672 0.10000 7 
 fake.rf 1440.00000000 51912.85984768468458128 0.10000 7 
 fake.rf 1440.00000000 51927.23395141750221882 0.10000 7 
 fake.rf 1440.00000000 51940.97229446070849690 0.10000 7 
 fake.rf 1440.00000000 51955.00084435048210096 0.10000 7 
 fake.rf 1440.00000000 51968.94735431208585652 0.10000 7 
 fake.rf 1440.00000000 51982.66794312391841970 0.10000 7 
 fake.rf 1440.00000000 51996.73674142440308898 0.10000 7 
 fake.rf 1440.00000000 52010.46320486832473762 0.10000 7 
 fake.rf 1440.00000000 52024.99475733022727297 0.10000 7 
 fake.rf 1440.00000000 52038.53193927391734519 0.10000 7 
 fake.rf 1440.00000000 52052.82834085377977829 0.10000 7 
 fake.rf 1440.00000000 52066.46732919051098420 0.10000 7 
 fake.rf 1440.00000000 52080.54036773887075995 0.10000 7 
 fake.rf 1440.00000000 52094.29566335727870907 0.10000 7 
 fake.rf 1440.00000000 52108.40793084254560341 0.10000 7 
 fake.rf 1440.00000000 52122.32872147327468682 0.10000 7 
 fake.rf 1440.00000000 52136.42900783765940531 0.10000 7 
 fake.rf 1440.00000000 52150.58970741970485108 0.10000 7 
 fake.rf 1440.00000000 52164.21006687861283879 0.10000 7 
 fake.rf 1440.00000000 52178.04238387738434568 0.10000 7 
 fake.rf 1440.00000000 52192.53730170303187563 0.10000 7 
 fake.rf 1440.00000000 52206.55740034949344164 0.10000 7 
 fake.rf 1440.00000000 52220.41180572908575286 0.10000 7 
 fake.rf 1440.00000000 52234.43920256672996771 0.10000 7 
 fake.rf 1440.00000000 52248.35877080974529818 0.10000 7 
 fake.rf 1440.00000000 52261.97635366506271026 0.10000 7 
 fake.rf 1440.00000000 52275.88231892441206483 0.10000 7 
 fake.rf 1440.00000000 52290.23932132521021643 0.10000 7 
 fake.rf 1440.00000000 52304.16828395249038053 0.10000 7 
 fake.rf 1440.00000000 52318.01812355024915036 0.10000 7 
 fake.rf 1440.00000000 52332.01000840772045564 0.10000 7 
 fake.rf 1440.00000000 52345.53936835173630371 0.10000 7 
 fake.rf 1440.00000000 52359.80153783288998071 0.10000 7 
 fake.rf 1440.00000000 52373.56999176643008553 0.10000 7 
 fake.rf 1440.00000000 52387.83279431959887162 0.10000 7 
 fake.rf 1440.00000000 52401.41303314507903721 0.10000 7 
 fake.rf 1440.00000000 52415.60696862224694925 0.10000 7 
 fake.rf 1440.00000000 52429.31012892055917973 0.10000 7 
 fake.rf 1440.00000000 52443.32172389276031410 0.10000 7 
 fake.rf 1440.00000000 52457.41877125368590384 0.10000 7 
 fake.rf 1440.00000000 52471.36400621560425606 0.10000 7 
 fake.rf 1440.00000000 52485.71022886935169538 0.10000 7 
 fake.rf 1440.00000000 52499.48449058862552263 0.10000 7 
 fake.rf 1440.00000000 52513.54099016575234771 0.10000 7 
 fake.rf 1440.00000000 52527.68073451375445515 0.10000 7 
 fake.rf 1440.00000000 52541.60548980996528101 0.10000 7 
 fake.rf 1440.00000000 52554.95433939500116338 0.10000 7 
 fake.rf 1440.00000000 52569.23259614666958228 0.10000 7 
 fake.rf 1440.00000000 52583.35627712600246397 0.10000 7 
 fake.rf 1440.00000000 52597.03037889625520762 0.10000 7 
 fake.rf 1440.00000000 52611.17917871812992914 0.10000 7 
 fake.rf 1440.00000000 52625.16933692521875798 0.10000 7 
 fake.rf 1440.00000000 52638.90176340630189245 0.10000 7 
 fake.rf 1440.00000000 52652.94319467024713433 0.10000 7 
 fake.rf 1440.00000000 52666.99897576716985981 0.10000 7 
 fake.rf 1440.00000000 52680.68919658643192605 0.10000 7 
 fake.rf 1440.00000000 52695.05310337492388584 0.10000 7 
 fake.rf 1440.00000000 52709.05307584418456202 0.10000 7 
 fake.rf 1440.00000000 52723.13852513057194216 0.10000 7 
 fake.rf 1440.00000000 52736.80295396755990467 0.10000 7 
 fake.rf 1440.00000000 52750.69099210017200718 0.10000 7 
 fake.rf 1440.00000000 52764.80655229497971703 0.10000 7 
 fake.rf 1440.00000000 52778.70523381261149254 0.10000 7 
 fake.rf 1440.00000000 52792.89366747299005311 0.10000 7 
 fake.rf 1440.00000000 52806.81590762268583106 0.10000 7 
 fake.rf 1440.00000000 52820.34895116413150973 0.10000 7 
 fake.rf 1440.00000000 52834.82251640533266013 0.10000 7 
 fake.rf 1440.00000000 52848.31025141859320016 0.10000 7 
 fake.rf 1440.00000000 52862.25134797017874888 0.10000 7 
 fake.rf 1440.00000000 52876.10806758267478145 0.10000 7 
 fake.rf 1440.00000000 52890.39774271713110920 0.10000 7 
 fake.rf 1440.00000000 52904.32230027732060762 0.10000 7 
 fake.rf 1440.00000000 52918.56346858163027136 0.10000 7 
 fake.rf 1440.00000000 52931.99896486875189083 0.10000 7 
 fake.rf 1440.00000000 52946.01824807902958980 0.10000 7 
 fake.rf 1440.00000000 52960.43738675390566328 0.10000 7 
 fake.rf 1440.00000000 52973.83586444792344139 0.10000 7 
 fake.rf 1440.00000000 52987.90888993834952814 0.10000 7 
 fake.rf 1440.00000000 53001.97784481559610015 0.10000 7 
