FORMAT 1
 fake.rf 1440.00000000 50000.22225105988503557 0.10000 7 
 fake.rf 1440.00000000 50014.20637369425907792 0.10000 7 
 fake.rf 1440.00000000 50028.30938100089639775 0.10000 7 
 fake.rf 1440.00000000 50042.40266611112183526 0.10000 7 
 fake.rf 1440.00000000 50056.41058336917447491 0.10000 7 
 fake.rf 1440.00000000 50070.33317243803253760 0.10000 7 
 fake.rf 1440.00000000 50084.03344777144918964 0.10000 7 
 fake.rf 1440.00000000 50097.74795181978895542 0.10000 7 
 fake.rf 1440.00000000 50111.79244872427038970 0.10000 7 
 fake.rf 1440.00000000 50125.91940740366052509 0.10000 7 
 fake.rf 1440.00000000 50140.22453070631133443 0.10000 7 
 fake.rf 1440.00000000 50153.67320107664970408 0.10000 7 
 fake.rf 1440.00000000 50167.55188521822365288 0.10000 7 
 fake.rf 1440.00000000 50181.93637626985597677 0.10000 7 
 fake.rf 1440.00000000 50195.79006940485977140 0.10000 7 
 fake.rf 1440.00000000 50209.76127024365803209 0.10000 7 
 fake.rf 1440.00000000 50223.41116384682264950 0.10000 7 
 fake.rf 1440.00000000 50237.88441767474769506 0.10000 7 
 fake.rf 1440.00000000 50251.90246221322380649 0.10000 7 
 fake.rf 1440.00000000 50265.53795537303163599 0.10000 7 
 fake.rf 1440.00000000 50279.48395836538018244 0.10000 7 
 fake.rf 1440.00000000 50293.42673438996460789 0.10000 7 
 fake.rf 1440.00000000 50307.39595497460486939 0.10000 7 
 fake.rf 1440.00000000 50321.32114661866506466 0.10000 7 
 fake.rf 1440.00000000 50335.46059867275175037 0.10000 7 
 fake.rf 1440.00000000 50349.20509227064771807 0.10000 7 
 fake.rf 1440.00000000 50363.15984997680937596 0.10000 7 
 fake.rf 1440.00000000 50377.55879312837448225 0.10000 7 
 fake.rf 1440.00000000 50390.97316232349990273 0.10000 7 
 fake.rf 1440.00000000 50405.24917820742355445 0.10000 7 
 fake.rf 1440.00000000 50419.01013210759060001 0.10000 7 
 fake.rf 1440.00000000 50433.13834110642161690 0.10000 7 
 fake.rf 1440.00000000 50446.77003902865646268 0.10000 7 
 fake.rf 1440.00000000 50461.33889294513062396 0.10000 7 
 fake.rf 1440.00000000 50474.93194647527732855 0.10000 7 
 fake.rf 1440.00000000 50488.60978771201742532 0.10000 7 
 fake.rf 1440.00000000 50503.13945677539596346 0.10000 7 
 fake.rf 1440.00000000 50517.13767840236100071 0.10000 7 
 fake.rf 1440.00000000 50530.56824973445453253 0.10000 7 
 fake.rf 1440.00000000 50544.51397508702104844 0.10000 7 
 fake.rf 1440.00000000 50558.67738141568370480 0.10000 7 
 fake.rf 1440.00000000 50572.45130217619040280 0.10000 7 
 fake.rf 1440.00000000 50586.55059058355082868 0.10000 7 
 fake.rf 1440.00000000 50600.63090715631052774 0.10000 7 
 fake.rf 1440.00000000 50614.82754503769469778 0.10000 7 
 fake.rf 1440.00000000 50628.81875262813947813 0.10000 7 
 fake.rf 1440.00000000 50642.24182946068981082 0.10000 7 
 fake.rf 1440.00000000 50656.79325365214963739 0.10000 7 
 fake.rf 1440.00000000 50670.62927451918084643 0.10000 7 
 fake.rf 1440.00000000 50684.10862191298417301 0.10000 7 
 fake.rf 1440.00000000 50698.33376534322309581 0.10000 7 
 fake.rf 1440.00000000 50712.15401526729882420 0.10000 7 
 fake.rf 1440.00000000 50726.28103144221270426 0.10000 7 
 fake.rf 1440.00000000 50740.51362150197785894 0.10000 7 
 fake.rf 1440.00000000 50754.29728915342803219 0.10000 7 
 fake.rf 1440.00000000 50767.93531676090311322 0.10000 7 
 fake.rf 1440.00000000 50781.95062648154286933 0.10000 7 
 fake.rf 1440.00000000 50796.39394454025388015 0.10000 7 
 fake.rf 1440.00000000 50809.80247470045176783 0.10000 7 
 fake.rf 1440.00000000 50823.93704640712959630 0.10000 7 
 fake.rf 1440.00000000 50838.02793975252157210 0.10000 7 
 fake.rf 1440.00000000 50851.90231652218717429 0.10000 7 
 fake.rf 1440.00000000 50866.20332331040814466 0.10000 7 
 fake.rf 1440.00000000 50879.96414061885961999 0.10000 7 
 fake.rf 1440.00000000 50893.77893071732032126 0.10000 7 
 fake.rf 1440.00000000 50907.71121707305864135 0.10000 7 
 fake.rf 1440.00000000 50921.85476842424376187 0.10000 7 
 fake.rf 1440.00000000 50935.57078693735079611 0.10000 7 
 fake.rf 1440.00000000 50949.53952099178104618 0.10000 7 
 fake.rf 1440.00000000 50963.81853637210511110 0.10000 7 
 fake.rf 1440.00000000 50977.51850631668289537 0.10000 7 
 fake.rf 1440.00000000 50991.68887279962704895 0.10000 7 
 fake.rf 1440.00000000 51005.78003501167664879 0.10000 7 
 fake.rf 1440.00000000 51019.61751943147957178 0.10000 7 
 fake.rf 1440.00000000 51033.23976189150467064 0.10000 7 
 fake.rf 1440.00000000 51047.56578802084684909 0.10000 7 
 fake.rf 1440.00000000 51061.43270609297339035 0.10000 7 
 fake.rf 1440.00000000 51075.18291813505627985 0.10000 7 
 fake.rf 1440.00000000 51089.43192785417719648 0.10000 7 
 fake.rf 1440.00000000 51103.17309286210161190 0.10000 7 
 fake.rf 1440.00000000 51117.10754505501318334 0.10000 7 
 fake.rf 1440.00000000 51130.95325761590083502 0.10000 7 
 fake.rf 1440.00000000 51145.21956528468718872 0.10000 7 
 fake.rf 1440.00000000 51159.31925965276359491 0.10000 7 
 fake.rf 1440.00000000 51172.76912168960717864 0.10000 7 
 fake.rf 1440.00000000 51186.85732307572017064 0.10000 7 
 fake.rf 1440.00000000 51201.29993777268373734 0.10000 7 
 fake.rf 1440.00000000 51214.80333565337632251 0.10000 7 
 fake.rf 1440.00000000 51228.70641443953630656 0.10000 7 
 fake.rf 1440.00000000 51242.59578542724450756 0.10000 7 
 fake.rf 1440.00000000 51256.93864768987380387 0.10000 7 
 fake.rf 1440.00000000 51270.97084594300207172 0.10000 7 
 fake.rf 1440.00000000 51284.77281970335742400 0.10000 7 
 fake.rf 1440.00000000 51298.78824814615044403 0.10000 7 
 fake.rf 1440.00000000 51312.61948982804831587 0.10000 7 
 fake.rf 1440.00000000 51326.94114642395157588 0.10000 7 
 fake.rf 1440.00000000 51340.92708729639200627 0.10000 7 
 fake.rf 1440.00000000 51354.27343968045318334 0.10000 7 
 fake.rf 1440.00000000 51368.34934086410604692 0.10000 7 
 fake.rf 1440.00000000 51382.34224183555581433 0.10000 7 
 fake.rf 1440.00000000 51396.67250238549984687 0.10000 7 
 fake.rf 1440.00000000 51410.48659955993294801 0.10000 7 
 fake.rf 1440.00000000 51424.68809307647329376 0.10000 7 
 fake.rf 1440.00000000 51438.48107523848664258 0.10000 7 
 fake.rf 1440.00000000 51452.17088286470187697 0.10000 7 
 fake.rf 1440.00000000 51466.03284496645473567 0.10000 7 
 fake.rf 1440.00000000 51480.19007928683370068 0.10000 7 
 fake.rf 1440.00000000 51494.45169776379373516 0.10000 7 
 fake.rf 1440.00000000 51508.10209793646843579 0.10000 7 
 fake.rf 1440.00000000 51521.87990142476431643 0.10000 7 
 fake.rf 1440.00000000 51535.92091094743587831 0.10000 7 
 fake.rf 1440.00000000 51550.21065600789301797 0.10000 7 
 fake.rf 1440.00000000 51563.87239813327456872 0.10000 7 
 fake.rf 1440.00000000 51578.21794140849023691 0.10000 7 
 fake.rf 1440.00000000 51591.97894024628263310 0.10000 7 
 fake.rf 1440.00000000 51605.79543710887569219 0.10000 7 
 fake.rf 1440.00000000 51619.60074115445328147 0.10000 7 
 fake.rf 1440.00000000 51633.84258081865051437 0.10000 7 
 fake.rf 1440.00000000 51647.86736828001386712 0.10000 7 
 fake.rf 1440.00000000 51661.61397718987660355 0.10000 7 
 fake.rf 1440.00000000 51675.78341389249528959 0.10000 7 
 fake.rf 1440.00000000 51689.52262301193157512 0.10000 7 
 fake.rf 1440.00000000 51703.33965625406839450 0.10000 7 
 fake.rf 1440.00000000 51717.34929279068822794 0.10000 7 
 fake.rf 1440.00000000 51731.80882307666736963 0.10000 7 
 fake.rf 1440.00000000 51745.49532400696949708 0.10000 7 
 fake.rf 1440.00000000 51759.19817656657113858 0.10000 7 
 fake.rf 1440.00000000 51773.68187383436834992 0.10000 7 
 fake.rf 1440.00000000 51787.41961986691039144 0.10000 7 
 fake.rf 1440.00000000 51801.23659968953928612 0.10000 7 
 fake.rf 1440.00000000 51815.08475732619666942 0.10000 7 
 fake.rf 1440.00000000 51829.19098996505974952 0.10000 7 
 fake.rf 1440.00000000 51843.52695967138746269 0.10000 7 
 fake.rf 1440.00000000 51856.94817023573597936 0.10000 7 
 fake.rf 1440.00000000 51870.88561111895450040 0.10000 7 
 fake.rf 1440.00000000 51884.94961450863171493 0.10000 7 
 fake.rf 1440.00000000 51898.93767990839266702 0.10000 7 
 fake.rf 1440.00000000 51913.07058117491347460 0.10000 7 
 fake.rf 1440.00000000 51926.76776245166532320 0.10000 7 
 fake.rf 1440.00000000 51941.11112076137277072 0.10000 7 
 fake.rf 1440.00000000 51955.06005157656468896 0.10000 7 
 fake.rf 1440.00000000 51968.83646844757661043 0.10000 7 
 fake.rf 1440.00000000 51982.84113123202467932 0.10000 7 
 fake.rf 1440.00000000 51996.49003020383180029 0.10000 7 
 fake.rf 1440.00000000 52010.65021639202808146 0.10000 7 
 fake.rf 1440.00000000 52024.45410412476057971 0.10000 7 
 fake.rf 1440.00000000 52038.62439267904958839 0.10000 7 
 fake.rf 1440.00000000 52052.62810899977244006 0.10000 7 
 fake.rf 1440.00000000 52066.71206243310070505 0.10000 7 
 fake.rf 1440.00000000 52080.27869787326484285 0.10000 7 
 fake.rf 1440.00000000 52094.73391582177820069 0.10000 7 
 fake.rf 1440.00000000 52108.35886535542864095 0.10000 7 
 fake.rf 1440.00000000 52122.36960266001905850 0.10000 7 
 fake.rf 1440.00000000 52136.68007988333047109 0.10000 7 
 fake.rf 1440.00000000 52150.35289202840200318 0.10000 7 
 fake.rf 1440.00000000 52164.19471904636351312 0.10000 7 
 fake.rf 1440.00000000 52178.22992328977274568 0.10000 7 
 fake.rf 1440.00000000 52192.31048070328358790 0.10000 7 
 fake.rf 1440.00000000 52206.00756439460847247 0.10000 7 
 fake.rf 1440.00000000 52220.48540740987325037 0.10000 7 
 fake.rf 1440.00000000 52234.42117068476456865 0.10000 7 
 fake.rf 1440.00000000 52248.00463806551308110 0.10000 7 
 fake.rf 1440.00000000 52261.96027312070992821 0.10000 7 
 fake.rf 1440.00000000 52276.27023220176763374 0.10000 7 
 fake.rf 1440.00000000 52289.97980287236918073 0.10000 7 
 fake.rf 1440.00000000 52303.91110489488111668 0.10000 7 
 fake.rf 1440.00000000 52317.65662670942315060 0.10000 7 
 fake.rf 1440.00000000 52332.05915554992050076 0.10000 7 
 fake.rf 1440.00000000 52346.16158491627333049 0.10000 7 
 fake.rf 1440.00000000 52359.64251406842268821 0.10000 7 
 fake.rf 1440.00000000 52373.75996062923343644 0.10000 7 
 fake.rf 1440.00000000 52387.84954685306848532 0.10000 7 
 fake.rf 1440.00000000 52401.81178560403627742 0.10000 7 
 fake.rf 1440.00000000 52415.97212098541940151 0.10000 7 
 fake.rf 1440.00000000 52429.74883225728578395 0.10000 7 
 fake.rf 1440.00000000 52443.90948331308814900 0.10000 7 
 fake.rf 1440.00000000 52457.24526580767572170 0.10000 7 
 fake.rf 1440.00000000 52471.23049170666984153 0.10000 7 
 fake.rf 1440.00000000 52485.43308514984901691 0.10000 7 
 fake.rf 1440.00000000 52499.55771381510109919 0.10000 7 
 fake.rf 1440.00000000 52513.14780123236368681 0.10000 7 
 fake.rf 1440.00000000 52527.17717199255550398 0.10000 7 
 fake.rf 1440.00000000 52541.63164295452557440 0.10000 7 
 fake.rf 1440.00000000 52555.27069373305656086 0.10000 7 
 fake.rf 1440.00000000 52568.98210112323692300 0.10000 7 
 fake.rf 1440.00000000 52583.14761029470180631 0.10000 7 
 fake.rf 1440.00000000 52597.33338081993697699 0.10000 7 
 fake.rf 1440.00000000 52611.11821854721041447 0.10000 7 
 fake.rf 1440.00000000 52625.40251119533769852 0.10000 7 
 fake.rf 1440.00000000 52639.32359142529135809 0.10000 7 
 fake.rf 1440.00000000 52652.95783154531005010 0.10000 7 
 fake.rf 1440.00000000 52667.21611358751857423 0.10000 7 
 fake.rf 1440.00000000 52680.75888725924992784 0.10000 7 
 fake.rf 1440.00000000 52695.05365519608002955 0.10000 7 
 fake.rf 1440.00000000 52708.99345566195707136 0.10000 7 
 fake.rf 1440.00000000 52722.95069276528732161 0.10000 7 
 fake.rf 1440.00000000 52736.54832210072223475 0.10000 7 
 fake.rf 1440.00000000 52750.93853713752980283 0.10000 7 
 fake.rf 1440.00000000 52764.66986248215436817 0.10000 7 
 fake.rf 1440.00000000 52778.40814726047181082 0.10000 7 
 fake.rf 1440.00000000 52792.31751750513335608 0.10000 7 
 fake.rf 1440.00000000 52806.87118210737896007 0.10000 7 
 fake.rf 1440.00000000 52820.73727916860110554 0.10000 7 
 fake.rf 1440.00000000 52834.64711429633148043 0.10000 7 
 fake.rf 1440.00000000 52848.73267365909195803 0.10000 7 
 fake.rf 1440.00000000 52862.41370807326094194 0.10000 7 
 fake.rf 1440.00000000 52876.52242026477432546 0.10000 7 
 fake.rf 1440.00000000 52890.64865489409099908 0.10000 7 
 fake.rf 1440.00000000 52904.35314127966714537 0.10000 7 
 fake.rf 1440.00000000 52918.03600632318424957 0.10000 7 
 fake.rf 1440.00000000 52932.32509570477755290 0.10000 7 
 fake.rf 1440.00000000 52946.32456218103222767 0.10000 7 
 fake.rf 1440.00000000 52960.07502407239099895 0.10000 7 
 fake.rf 1440.00000000 52974.19014378598010140 0.10000 7 
 fake.rf 1440.00000000 52987.86688713851081900 0.10000 7 
 fake.rf 1440.00000000 53002.03364917885105356 0.10000 7 
