FORMAT 1
 fake.rf 1440.00000000 50000.46662579657720116 0.10000 7 
 fake.rf 1440.00000000 50014.25197912966817526 0.10000 7 
 fake.rf 1440.00000000 50028.50795986386529890 0.10000 7 
 fake.rf 1440.00000000 50042.09672885997562375 0.10000 7 
 fake.rf 1440.00000000 50056.31940143767205598 0.10000 7 
 fake.rf 1440.00000000 50069.98837279447031889 0.10000 7 
 fake.rf 1440.00000000 50084.33781566894566595 0.10000 7 
 fake.rf 1440.00000000 50098.28893506943682468 0.10000 7 
 fake.rf 1440.00000000 50111.69337269220864073 0.10000 7 
 fake.rf 1440.00000000 50126.08101410170968038 0.10000 7 
 fake.rf 1440.00000000 50140.15580883414489222 0.10000 7 
 fake.rf 1440.00000000 50153.92956799634504961 0.10000 7 
 fake.rf 1440.00000000 50167.57680694696330548 0.10000 7 
 fake.rf 1440.00000000 50181.80538792327430642 0.10000 7 
 fake.rf 1440.00000000 50195.51605466575379566 0.10000 7 
 fake.rf 1440.00000000 50209.38995337518312922 0.10000 7 
 fake.rf 1440.00000000 50223.57900057003266525 0.10000 7 
 fake.rf 1440.00000000 50237.52760357927519053 0.10000 7 
 fake.rf 1440.00000000 50251.91329356259442918 0.10000 7 
 fake.rf 1440.00000000 50265.62830187652190972 0.10000 7 
 fake.rf 1440.00000000 50279.55622749691701756 0.10000 7 
 fake.rf 1440.00000000 50293.17019651029065841 0.10000 7 
 fake.rf 1440.00000000 50307.21310602662190803 0.10000 7 
 fake.rf 1440.00000000 50321.10381523968446515 0.10000 7 
 fake.rf 1440.00000000 50335.66384525671744399 0.10000 7 
 fake.rf 1440.00000000 50349.18047718071726848 0.10000 7 
 fake.rf 1440.00000000 50363.12869564820652357 0.10000 7 
 fake.rf 1440.00000000 50377.47942379549959924 0.10000 7 
 fake.rf 1440.00000000 50391.09942608132902109 0.10000 7 
 fake.rf 1440.00000000 50405.15889613208115705 0.10000 7 
 fake.rf 1440.00000000 50418.95013853487239430 0.10000 7 
 fake.rf 1440.00000000 50432.83541829588890337 0.10000 7 
 fake.rf 1440.00000000 50447.38513439851725906 0.10000 7 
 fake.rf 1440.00000000 50460.80391695576149047 0.10000 7 
 fake.rf 1440.00000000 50474.98285847370523172 0.10000 7 
 fake.rf 1440.00000000 50489.12680653245226736 0.10000 7 
 fake.rf 1440.00000000 50502.91945320995776214 0.10000 7 
 fake.rf 1440.00000000 50516.81939698713578935 0.10000 7 
 fake.rf 1440.00000000 50530.95269049346185497 0.10000 7 
 fake.rf 1440.00000000 50544.85466750486156684 0.10000 7 
 fake.rf 1440.00000000 50558.51381209197713673 0.10000 7 
 fake.rf 1440.00000000 50572.76012640529923559 0.10000 7 
 fake.rf 1440.00000000 50586.47408864225601732 0.10000 7 
 fake.rf 1440.00000000 50600.48536488539255274 0.10000 7 
 fake.rf 1440.00000000 50614.33181961205103150 0.10000 7 
 fake.rf 1440.00000000 50628.46134134755259026 0.10000 7 
 fake.rf 1440.00000000 50642.38474235600986617 0.10000 7 
 fake.rf 1440.00000000 50656.45847032618448225 0.10000 7 
 fake.rf 1440.00000000 50670.57482117583423786 0.10000 7 
 fake.rf 1440.00000000 50684.25547156539686000 0.10000 7 
 fake.rf 1440.00000000 50698.08243393166331714 0.10000 7 
 fake.rf 1440.00000000 50712.16493642590018709 0.10000 7 
 fake.rf 1440.00000000 50726.16444852768208662 0.10000 7 
 fake.rf 1440.00000000 50740.07254648726538448 0.10000 7 
 fake.rf 1440.00000000 50754.08398428254188772 0.10000 7 
 fake.rf 1440.00000000 50768.01508583658560170 0.10000 7 
 fake.rf 1440.00000000 50782.14470844100706515 0.10000 7 
 fake.rf 1440.00000000 50796.14259076408239935 0.10000 7 
 fake.rf 1440.00000000 50809.79597982538984269 0.10000 7 
 fake.rf 1440.00000000 50824.25049747211277662 0.10000 7 
 fake.rf 1440.00000000 50837.67940927296770326 0.10000 7 
 fake.rf 1440.00000000 50851.82893344641510325 0.10000 7 
 fake.rf 1440.00000000 50866.20695692788267550 0.10000 7 
 fake.rf 1440.00000000 50879.55714424523992534 0.10000 7 
 fake.rf 1440.00000000 50893.83034370213594144 0.10000 7 
 fake.rf 1440.00000000 50907.75886809425192325 0.10000 7 
 fake.rf 1440.00000000 50921.95789619688990513 0.10000 7 
 fake.rf 1440.00000000 50935.39530168565970314 0.10000 7 
 fake.rf 1440.00000000 50949.92866261104698467 0.10000 7 
 fake.rf 1440.00000000 50963.63254362797623642 0.10000 7 
 fake.rf 1440.00000000 50977.67681889042294685 0.10000 7 
 fake.rf 1440.00000000 50991.24088380201643389 0.10000 7 
 fake.rf 1440.00000000 51005.22930515823566822 0.10000 7 
 fake.rf 1440.00000000 51019.69243538947446837 0.10000 7 
 fake.rf 1440.00000000 51033.30600262570553127 0.10000 7 
 fake.rf 1440.00000000 51047.17910480669743478 0.10000 7 
 fake.rf 1440.00000000 51061.14331618276267477 0.10000 7 
 fake.rf 1440.00000000 51075.38517715789292950 0.10000 7 
 fake.rf 1440.00000000 51089.37023335704087401 0.10000 7 
 fake.rf 1440.00000000 51103.48902161683254519 0.10000 7 
 fake.rf 1440.00000000 51117.44975904823501267 0.10000 7 
 fake.rf 1440.00000000 51131.30000367668298367 0.10000 7 
 fake.rf 1440.00000000 51144.87285385658140058 0.10000 7 
 fake.rf 1440.00000000 51158.87132944108622468 0.10000 7 
 fake.rf 1440.00000000 51173.33456479606866196 0.10000 7 
 fake.rf 1440.00000000 51186.95707880624073027 0.10000 7 
 fake.rf 1440.00000000 51200.92488202494036287 0.10000 7 
 fake.rf 1440.00000000 51214.88929934434375824 0.10000 7 
 fake.rf 1440.00000000 51229.21458847191303931 0.10000 7 
 fake.rf 1440.00000000 51242.87400681363500610 0.10000 7 
 fake.rf 1440.00000000 51256.66450117330506941 0.10000 7 
 fake.rf 1440.00000000 51271.12359483835761864 0.10000 7 
 fake.rf 1440.00000000 51284.97076340834353658 0.10000 7 
 fake.rf 1440.00000000 51298.51084068762395773 0.10000 7 
 fake.rf 1440.00000000 51312.35834767372103471 0.10000 7 
 fake.rf 1440.00000000 51326.51694178151057102 0.10000 7 
 fake.rf 1440.00000000 51340.69043620568176323 0.10000 7 
 fake.rf 1440.00000000 51354.77519732055361601 0.10000 7 
 fake.rf 1440.00000000 51368.40942301139921256 0.10000 7 
 fake.rf 1440.00000000 51382.48783777973844167 0.10000 7 
 fake.rf 1440.00000000 51396.31470594863936796 0.10000 7 
 fake.rf 1440.00000000 51410.69809965647162286 0.10000 7 
 fake.rf 1440.00000000 51424.37880538171466682 0.10000 7 
 fake.rf 1440.00000000 51438.23232101361843860 0.10000 7 
 fake.rf 1440.00000000 51452.45040432772337979 0.10000 7 
 fake.rf 1440.00000000 51466.44957001157086296 0.10000 7 
 fake.rf 1440.00000000 51480.21441388536487693 0.10000 7 
 fake.rf 1440.00000000 51494.43493461625010710 0.10000 7 
 fake.rf 1440.00000000 51508.04752066788861598 0.10000 7 
 fake.rf 1440.00000000 51521.83564684446890780 0.10000 7 
 fake.rf 1440.00000000 51536.21318191826549082 0.10000 7 
 fake.rf 1440.00000000 51549.82473145435709938 0.10000 7 
 fake.rf 1440.00000000 51564.16799499704944409 0.10000 7 
 fake.rf 1440.00000000 51578.15660627950735062 0.10000 7 
 fake.rf 1440.00000000 51591.80485753828220297 0.10000 7 
 fake.rf 1440.00000000 51605.98291580034189607 0.10000 7 
 fake.rf 1440.00000000 51619.63226717687375000 0.10000 7 
 fake.rf 1440.00000000 51633.95321435101100960 0.10000 7 
 fake.rf 1440.00000000 51647.46724936669436801 0.10000 7 
 fake.rf 1440.00000000 51661.48011594494200693 0.10000 7 
 fake.rf 1440.00000000 51675.49870750946061904 0.10000 7 
 fake.rf 1440.00000000 51689.50812962976090859 0.10000 7 
 fake.rf 1440.00000000 51703.35164922855156888 0.10000 7 
 fake.rf 1440.00000000 51717.25563545449898584 0.10000 7 
 fake.rf 1440.00000000 51731.51002757529805010 0.10000 7 
 fake.rf 1440.00000000 51745.23928026098312571 0.10000 7 
 fake.rf 1440.00000000 51759.34008661368588022 0.10000 7 
 fake.rf 1440.00000000 51773.13953257731202839 0.10000 7 
 fake.rf 1440.00000000 51787.65843912407479976 0.10000 7 
 fake.rf 1440.00000000 51801.43169721882288314 0.10000 7 
 fake.rf 1440.00000000 51815.34778405432856729 0.10000 7 
 fake.rf 1440.00000000 51829.06511812524692928 0.10000 7 
 fake.rf 1440.00000000 51843.25999599378939919 0.10000 7 
 fake.rf 1440.00000000 51856.89501460239136676 0.10000 7 
 fake.rf 1440.00000000 51871.17075705343243541 0.10000 7 
 fake.rf 1440.00000000 51884.95527765138118426 0.10000 7 
 fake.rf 1440.00000000 51899.29435467651796898 0.10000 7 
 fake.rf 1440.00000000 51913.37316711438475991 0.10000 7 
 fake.rf 1440.00000000 51926.74976783842503991 0.10000 7 
 fake.rf 1440.00000000 51940.73965696363136146 0.10000 7 
 fake.rf 1440.00000000 51954.64482162198875059 0.10000 7 
 fake.rf 1440.00000000 51969.10385015320523294 0.10000 7 
 fake.rf 1440.00000000 51982.74351487351815138 0.10000 7 
 fake.rf 1440.00000000 51997.03016915380618812 0.10000 7 
 fake.rf 1440.00000000 52010.84936834843062670 0.10000 7 
 fake.rf 1440.00000000 52024.84217705192668646 0.10000 7 
 fake.rf 1440.00000000 52038.67844900562969102 0.10000 7 
 fake.rf 1440.00000000 52052.85189235984619316 0.10000 7 
 fake.rf 1440.00000000 52066.53720761224530023 0.10000 7 
 fake.rf 1440.00000000 52080.59240729486305455 0.10000 7 
 fake.rf 1440.00000000 52094.81694329835080026 0.10000 7 
 fake.rf 1440.00000000 52108.55907618518538982 0.10000 7 
 fake.rf 1440.00000000 52122.66192405294204448 0.10000 7 
 fake.rf 1440.00000000 52136.10153908438997661 0.10000 7 
 fake.rf 1440.00000000 52150.45255088451146719 0.10000 7 
 fake.rf 1440.00000000 52164.18135034063797661 0.10000 7 
 fake.rf 1440.00000000 52178.05511075073612304 0.10000 7 
 fake.rf 1440.00000000 52192.54515497301976623 0.10000 7 
 fake.rf 1440.00000000 52206.11162643890416035 0.10000 7 
 fake.rf 1440.00000000 52219.87585276064379514 0.10000 7 
 fake.rf 1440.00000000 52234.17738116696411765 0.10000 7 
 fake.rf 1440.00000000 52248.36483223492876604 0.10000 7 
 fake.rf 1440.00000000 52261.88461868779967645 0.10000 7 
 fake.rf 1440.00000000 52275.75258439546203348 0.10000 7 
 fake.rf 1440.00000000 52290.27994673794253089 0.10000 7 
 fake.rf 1440.00000000 52304.11370178775363016 0.10000 7 
 fake.rf 1440.00000000 52317.80441413363741532 0.10000 7 
 fake.rf 1440.00000000 52332.04241286292891289 0.10000 7 
 fake.rf 1440.00000000 52345.99320638113897886 0.10000 7 
 fake.rf 1440.00000000 52359.76541220115202435 0.10000 7 
 fake.rf 1440.00000000 52374.03152616985117263 0.10000 7 
 fake.rf 1440.00000000 52387.92571040619390033 0.10000 7 
 fake.rf 1440.00000000 52401.52850412401179980 0.10000 7 
 fake.rf 1440.00000000 52415.47250887945006070 0.10000 7 
 fake.rf 1440.00000000 52429.69157349015985403 0.10000 7 
 fake.rf 1440.00000000 52443.81845917670903034 0.10000 7 
 fake.rf 1440.00000000 52457.79349868998630058 0.10000 7 
 fake.rf 1440.00000000 52471.22039463481049282 0.10000 7 
 fake.rf 1440.00000000 52485.55894971603084187 0.10000 7 
 fake.rf 1440.00000000 52499.25753057820567093 0.10000 7 
 fake.rf 1440.00000000 52513.44451891393025988 0.10000 7 
 fake.rf 1440.00000000 52527.37916944702803690 0.10000 7 
 fake.rf 1440.00000000 52541.52477588204113346 0.10000 7 
 fake.rf 1440.00000000 52555.18617152168906159 0.10000 7 
 fake.rf 1440.00000000 52569.26532979761219266 0.10000 7 
 fake.rf 1440.00000000 52583.13350743296723522 0.10000 7 
 fake.rf 1440.00000000 52597.22859527429133308 0.10000 7 
 fake.rf 1440.00000000 52611.21973996346826752 0.10000 7 
 fake.rf 1440.00000000 52624.94952124244261782 0.10000 7 
 fake.rf 1440.00000000 52639.31597329912224836 0.10000 7 
 fake.rf 1440.00000000 52653.10957042829437924 0.10000 7 
 fake.rf 1440.00000000 52667.17910617003600393 0.10000 7 
 fake.rf 1440.00000000 52681.10456865650488112 0.10000 7 
 fake.rf 1440.00000000 52695.12284498686827305 0.10000 7 
 fake.rf 1440.00000000 52709.09857248985897016 0.10000 7 
 fake.rf 1440.00000000 52722.92295670941245689 0.10000 7 
 fake.rf 1440.00000000 52736.81321412822391892 0.10000 7 
 fake.rf 1440.00000000 52750.51788005403443194 0.10000 7 
 fake.rf 1440.00000000 52764.61848913843862618 0.10000 7 
 fake.rf 1440.00000000 52778.49776613235517431 0.10000 7 
 fake.rf 1440.00000000 52792.67953061198457121 0.10000 7 
 fake.rf 1440.00000000 52806.41781300857648418 0.10000 7 
 fake.rf 1440.00000000 52820.22950032437632117 0.10000 7 
 fake.rf 1440.00000000 52834.71895124444214886 0.10000 7 
 fake.rf 1440.00000000 52848.43946446075416645 0.10000 7 
 fake.rf 1440.00000000 52862.50844246844157936 0.10000 7 
 fake.rf 1440.00000000 52876.49633847304486522 0.10000 7 
 fake.rf 1440.00000000 52890.23011728087959682 0.10000 7 
 fake.rf 1440.00000000 52904.43088396796113315 0.10000 7 
 fake.rf 1440.00000000 52918.12889445997821269 0.10000 7 
 fake.rf 1440.00000000 52932.26614682404159495 0.10000 7 
 fake.rf 1440.00000000 52946.02546126844132957 0.10000 7 
 fake.rf 1440.00000000 52960.36301503124516188 0.10000 7 
 fake.rf 1440.00000000 52974.01743320748945365 0.10000 7 
 fake.rf 1440.00000000 52988.14303609183632915 0.10000 7 
 fake.rf 1440.00000000 53001.93130744905792184 0.10000 7 
