FORMAT 1
 fake.rf 1440.00000000 50000.62271388737276112 0.10000 7 
 fake.rf 1440.00000000 50014.39001694571595280 0.10000 7 
 fake.rf 1440.00000000 50028.01406384467212263 0.10000 7 
 fake.rf 1440.00000000 50042.06291175065464572 0.10000 7 
 fake.rf 1440.00000000 50056.34592341117098968 0.10000 7 
 fake.rf 1440.00000000 50070.09712039254763383 0.10000 7 
 fake.rf 1440.00000000 50084.40198102168572802 0.10000 7 
 fake.rf 1440.00000000 50098.10562092780617505 0.10000 7 
 fake.rf 1440.00000000 50112.15673687916614298 0.10000 7 
 fake.rf 1440.00000000 50125.95072335642535677 0.10000 7 
 fake.rf 1440.00000000 50139.87010102982792148 0.10000 7 
 fake.rf 1440.00000000 50153.95075307062650438 0.10000 7 
 fake.rf 1440.00000000 50168.04952902896363298 0.10000 7 
 fake.rf 1440.00000000 50181.61413367730321866 0.10000 7 
 fake.rf 1440.00000000 50195.57553264551232886 0.10000 7 
 fake.rf 1440.00000000 50209.79032214231430586 0.10000 7 
 fake.rf 1440.00000000 50223.45808216368628862 0.10000 7 
 fake.rf 1440.00000000 50237.57255429942935976 0.10000 7 
 fake.rf 1440.00000000 50251.55245340010391786 0.10000 7 
 fake.rf 1440.00000000 50265.28833270183223902 0.10000 7 
 fake.rf 1440.00000000 50279.53649125962381916 0.10000 7 
 fake.rf 1440.00000000 50293.85538373734748063 0.10000 7 
 fake.rf 1440.00000000 50307.46796813756553135 0.10000 7 
 fake.rf 1440.00000000 50321.70728328619200553 0.10000 7 
 fake.rf 1440.00000000 50335.13028682088041421 0.10000 7 
 fake.rf 1440.00000000 50349.31483588313948729 0.10000 7 
 fake.rf 1440.00000000 50363.03970389300958388 0.10000 7 
 fake.rf 1440.00000000 50377.48790304020570474 0.10000 7 
 fake.rf 1440.00000000 50391.20847780203297717 0.10000 7 
 fake.rf 1440.00000000 50405.45422076830620739 0.10000 7 
 fake.rf 1440.00000000 50419.26743795965892048 0.10000 7 
 fake.rf 1440.00000000 50433.05468203927803827 0.10000 7 
 fake.rf 1440.00000000 50447.10595408620263669 0.10000 7 
 fake.rf 1440.00000000 50461.24811091246403905 0.10000 7 
 fake.rf 1440.00000000 50475.12242894855639719 0.10000 7 
 fake.rf 1440.00000000 50488.82827207984766815 0.10000 7 
 fake.rf 1440.00000000 50502.75985188066344023 0.10000 7 
 fake.rf 1440.00000000 50516.97725664656450562 0.10000 7 
 fake.rf 1440.00000000 50531.09163247997016910 0.10000 7 
 fake.rf 1440.00000000 50545.11255429121425209 0.10000 7 
 fake.rf 1440.00000000 50558.49550487006149879 0.10000 7 
 fake.rf 1440.00000000 50572.56748443953803829 0.10000 7 
 fake.rf 1440.00000000 50586.70728438869935317 0.10000 7 
 fake.rf 1440.00000000 50600.89390370335540936 0.10000 7 
 fake.rf 1440.00000000 50614.56871394378013562 0.10000 7 
 fake.rf 1440.00000000 50628.70813892436017412 0.10000 7 
 fake.rf 1440.00000000 50642.48110710205872920 0.10000 7 
 fake.rf 1440.00000000 50656.52857006497351122 0.10000 7 
 fake.rf 1440.00000000 50670.82069336574549467 0.10000 7 
 fake.rf 1440.00000000 50684.61178667457473068 0.10000 7 
 fake.rf 1440.00000000 50698.43335497982821636 0.10000 7 
 fake.rf 1440.00000000 50712.34519622837958508 0.10000 7 
 fake.rf 1440.00000000 50726.49340813610523782 0.10000 7 
 fake.rf 1440.00000000 50740.63245357770721355 0.10000 7 
 fake.rf 1440.00000000 50754.15516938258355850 0.10000 7 
 fake.rf 1440.00000000 50768.43127753041446226 0.10000 7 
 fake.rf 1440.00000000 50782.12643146588291998 0.10000 7 
 fake.rf 1440.00000000 50796.07890795134692397 0.10000 7 
 fake.rf 1440.00000000 50810.17477467569596783 0.10000 7 
 fake.rf 1440.00000000 50824.29539612361103451 0.10000 7 
 fake.rf 1440.00000000 50837.86517497627420425 0.10000 7 
 fake.rf 1440.00000000 50851.81248495241836594 0.10000 7 
 fake.rf 1440.00000000 50865.75857647620205171 0.10000 7 
 fake.rf 1440.00000000 50880.08452015397117307 0.10000 7 
 fake.rf 1440.00000000 50894.21221300187968239 0.10000 7 
 fake.rf 1440.00000000 50908.07084871802299020 0.10000 7 
 fake.rf 1440.00000000 50921.47419489138337312 0.10000 7 
 fake.rf 1440.00000000 50935.57169357460860937 0.10000 7 
 fake.rf 1440.00000000 50949.68596014098141822 0.10000 7 
 fake.rf 1440.00000000 50963.90857485697766549 0.10000 7 
 fake.rf 1440.00000000 50977.39855480561794465 0.10000 7 
 fake.rf 1440.00000000 50991.60066466392175499 0.10000 7 
 fake.rf 1440.00000000 51005.26681827385223400 0.10000 7 
 fake.rf 1440.00000000 51019.60149098430156300 0.10000 7 
 fake.rf 1440.00000000 51033.36177947621758122 0.10000 7 
 fake.rf 1440.00000000 51047.40763613032762080 0.10000 7 
 fake.rf 1440.00000000 51061.25329319732665923 0.10000 7 
 fake.rf 1440.00000000 51075.49144264818858119 0.10000 7 
 fake.rf 1440.00000000 51089.62298830329222810 0.10000 7 
 fake.rf 1440.00000000 51103.13232804593173597 0.10000 7 
 fake.rf 1440.00000000 51117.19979690736046507 0.10000 7 
 fake.rf 1440.00000000 51131.19113694584508778 0.10000 7 
 fake.rf 1440.00000000 51145.31721065766192424 0.10000 7 
 fake.rf 1440.00000000 51158.90445080248540677 0.10000 7 
 fake.rf 1440.00000000 51173.07306234768030606 0.10000 7 
 fake.rf 1440.00000000 51186.76007792294678111 0.10000 7 
 fake.rf 1440.00000000 51201.32831892343722302 0.10000 7 
 fake.rf 1440.00000000 51215.23031051136186775 0.10000 7 
 fake.rf 1440.00000000 51228.90802865468112870 0.10000 7 
 fake.rf 1440.00000000 51242.94369581006046133 0.10000 7 
 fake.rf 1440.00000000 51257.00453482712589448 0.10000 7 
 fake.rf 1440.00000000 51270.95692464055309401 0.10000 7 
 fake.rf 1440.00000000 51284.97812771617427785 0.10000 7 
 fake.rf 1440.00000000 51299.02328446390841066 0.10000 7 
 fake.rf 1440.00000000 51312.67317730980226642 0.10000 7 
 fake.rf 1440.00000000 51326.86029929699103036 0.10000 7 
 fake.rf 1440.00000000 51340.80231778663125652 0.10000 7 
 fake.rf 1440.00000000 51354.56044952455749453 0.10000 7 
 fake.rf 1440.00000000 51368.88329627398803723 0.10000 7 
 fake.rf 1440.00000000 51382.31114073076910387 0.10000 7 
 fake.rf 1440.00000000 51396.33011323757181543 0.10000 7 
 fake.rf 1440.00000000 51410.18116605331417546 0.10000 7 
 fake.rf 1440.00000000 51424.51601310384030086 0.10000 7 
 fake.rf 1440.00000000 51438.23936533409867167 0.10000 7 
 fake.rf 1440.00000000 51452.46331680123862284 0.10000 7 
 fake.rf 1440.00000000 51466.59667845424444366 0.10000 7 
 fake.rf 1440.00000000 51480.40411336711876800 0.10000 7 
 fake.rf 1440.00000000 51494.51194806471288956 0.10000 7 
 fake.rf 1440.00000000 51508.25501858266436273 0.10000 7 
 fake.rf 1440.00000000 51522.23222520944657887 0.10000 7 
 fake.rf 1440.00000000 51535.88762561063476753 0.10000 7 
 fake.rf 1440.00000000 51550.40305777292279288 0.10000 7 
 fake.rf 1440.00000000 51563.74316379122761944 0.10000 7 
 fake.rf 1440.00000000 51578.22953071285867566 0.10000 7 
 fake.rf 1440.00000000 51591.70376238119468226 0.10000 7 
 fake.rf 1440.00000000 51605.91737273126899765 0.10000 7 
 fake.rf 1440.00000000 51620.12898130139499742 0.10000 7 
 fake.rf 1440.00000000 51633.54301333058706547 0.10000 7 
 fake.rf 1440.00000000 51647.69684133260784975 0.10000 7 
 fake.rf 1440.00000000 51661.62439412593068511 0.10000 7 
 fake.rf 1440.00000000 51675.77898603494049823 0.10000 7 
 fake.rf 1440.00000000 51690.03187913964180211 0.10000 7 
 fake.rf 1440.00000000 51703.95004779197660483 0.10000 7 
 fake.rf 1440.00000000 51717.49740219014405085 0.10000 7 
 fake.rf 1440.00000000 51731.83367805993849586 0.10000 7 
 fake.rf 1440.00000000 51745.43996565288833978 0.10000 7 
 fake.rf 1440.00000000 51759.21266806861368437 0.10000 7 
 fake.rf 1440.00000000 51773.52918852442461173 0.10000 7 
 fake.rf 1440.00000000 51787.59850056038904853 0.10000 7 
 fake.rf 1440.00000000 51801.06560914402588125 0.10000 7 
 fake.rf 1440.00000000 51815.51486682604137002 0.10000 7 
 fake.rf 1440.00000000 51829.64137745562880610 0.10000 7 
 fake.rf 1440.00000000 51842.99776488875525970 0.10000 7 
 fake.rf 1440.00000000 51857.15342897270483036 0.10000 7 
 fake.rf 1440.00000000 51871.04151794555656707 0.10000 7 
 fake.rf 1440.00000000 51885.32674961214016207 0.10000 7 
 fake.rf 1440.00000000 51898.98733472211712225 0.10000 7 
 fake.rf 1440.00000000 51913.38775137229422896 0.10000 7 
 fake.rf 1440.00000000 51927.15237705727503226 0.10000 7 
 fake.rf 1440.00000000 51941.26092549033164758 0.10000 7 
 fake.rf 1440.00000000 51955.01010808100497229 0.10000 7 
 fake.rf 1440.00000000 51969.13502699374528504 0.10000 7 
 fake.rf 1440.00000000 51983.13056692598098962 0.10000 7 
 fake.rf 1440.00000000 51996.92474833474450691 0.10000 7 
 fake.rf 1440.00000000 52010.90759350040503506 0.10000 7 
 fake.rf 1440.00000000 52025.08225787172095878 0.10000 7 
 fake.rf 1440.00000000 52038.46160901291385770 0.10000 7 
 fake.rf 1440.00000000 52052.69428882003520798 0.10000 7 
 fake.rf 1440.00000000 52066.98787792043533074 0.10000 7 
 fake.rf 1440.00000000 52080.55928310887036403 0.10000 7 
 fake.rf 1440.00000000 52094.75774183176358534 0.10000 7 
 fake.rf 1440.00000000 52108.57748225865409708 0.10000 7 
 fake.rf 1440.00000000 52122.44000661421462084 0.10000 7 
 fake.rf 1440.00000000 52136.59486000517323490 0.10000 7 
 fake.rf 1440.00000000 52150.66684757332840405 0.10000 7 
 fake.rf 1440.00000000 52164.23720721022572278 0.10000 7 
 fake.rf 1440.00000000 52178.03657424850634428 0.10000 7 
 fake.rf 1440.00000000 52192.58615696473226819 0.10000 7 
 fake.rf 1440.00000000 52206.51126312220404202 0.10000 7 
 fake.rf 1440.00000000 52220.41816828868144640 0.10000 7 
 fake.rf 1440.00000000 52234.47308565784886270 0.10000 7 
 fake.rf 1440.00000000 52248.21900888446435474 0.10000 7 
 fake.rf 1440.00000000 52262.29065077577831389 0.10000 7 
 fake.rf 1440.00000000 52276.40684834406388859 0.10000 7 
 fake.rf 1440.00000000 52290.34666164131644805 0.10000 7 
 fake.rf 1440.00000000 52304.34461865044125872 0.10000 7 
 fake.rf 1440.00000000 52318.11760722909873067 0.10000 7 
 fake.rf 1440.00000000 52331.75623178340178043 0.10000 7 
 fake.rf 1440.00000000 52346.19283142592708558 0.10000 7 
 fake.rf 1440.00000000 52359.76867174347388456 0.10000 7 
 fake.rf 1440.00000000 52373.55407078844656965 0.10000 7 
 fake.rf 1440.00000000 52387.77807910387270951 0.10000 7 
 fake.rf 1440.00000000 52401.51706446268287110 0.10000 7 
 fake.rf 1440.00000000 52416.00289611049579719 0.10000 7 
 fake.rf 1440.00000000 52429.39264529685412697 0.10000 7 
 fake.rf 1440.00000000 52443.81936853331542636 0.10000 7 
 fake.rf 1440.00000000 52457.85142390203604990 0.10000 7 
 fake.rf 1440.00000000 52471.32541695498719392 0.10000 7 
 fake.rf 1440.00000000 52485.35637941542534790 0.10000 7 
 fake.rf 1440.00000000 52499.72024999946776092 0.10000 7 
 fake.rf 1440.00000000 52513.47054099374136982 0.10000 7 
 fake.rf 1440.00000000 52527.73818819504189648 0.10000 7 
 fake.rf 1440.00000000 52541.29335857219245298 0.10000 7 
 fake.rf 1440.00000000 52555.61106663549626816 0.10000 7 
 fake.rf 1440.00000000 52569.40512665310549423 0.10000 7 
 fake.rf 1440.00000000 52583.07051065199780027 0.10000 7 
 fake.rf 1440.00000000 52596.99680444937554569 0.10000 7 
 fake.rf 1440.00000000 52611.29512425042722512 0.10000 7 
 fake.rf 1440.00000000 52624.88165036747936654 0.10000 7 
 fake.rf 1440.00000000 52638.77127638642224383 0.10000 7 
 fake.rf 1440.00000000 52653.01472743829864243 0.10000 7 
 fake.rf 1440.00000000 52666.69439702995413555 0.10000 7 
 fake.rf 1440.00000000 52681.03483895101888024 0.10000 7 
 fake.rf 1440.00000000 52694.72149135932347974 0.10000 7 
 fake.rf 1440.00000000 52709.22225112674223269 0.10000 7 
 fake.rf 1440.00000000 52722.87406586292573252 0.10000 7 
 fake.rf 1440.00000000 52736.59690123707136777 0.10000 7 
 fake.rf 1440.00000000 52750.90887571223801444 0.10000 7 
 fake.rf 1440.00000000 52764.90420765200169129 0.10000 7 
 fake.rf 1440.00000000 52778.43520210872302556 0.10000 7 
 fake.rf 1440.00000000 52792.36124304421475628 0.10000 7 
 fake.rf 1440.00000000 52806.84686670653306351 0.10000 7 
 fake.rf 1440.00000000 52820.64009563164599825 0.10000 7 
 fake.rf 1440.00000000 52834.34334788001251226 0.10000 7 
 fake.rf 1440.00000000 52848.68636266177160010 0.10000 7 
 fake.rf 1440.00000000 52862.57423340752298913 0.10000 7 
 fake.rf 1440.00000000 52876.74243504003517558 0.10000 7 
 fake.rf 1440.00000000 52890.48906458766542471 0.10000 7 
 fake.rf 1440.00000000 52904.55582115180576608 0.10000 7 
 fake.rf 1440.00000000 52918.12654457514533846 0.10000 7 
 fake.rf 1440.00000000 52932.27527077128534216 0.10000 7 
 fake.rf 1440.00000000 52946.13054435583993396 0.10000 7 
 fake.rf 1440.00000000 52960.00714109373929972 0.10000 7 
 fake.rf 1440.00000000 52974.41593039405593757 0.10000 7 
 fake.rf 1440.00000000 52987.96047150460902131 0.10000 7 
 fake.rf 1440.00000000 53002.33602095641348129 0.10000 7 
