FORMAT 1
 fake.rf 1440.00000000 50000.45896693450121262 0.10000 7 
 fake.rf 1440.00000000 50014.05121704380947634 0.10000 7 
 fake.rf 1440.00000000 50028.53552586543079173 0.10000 7 
 fake.rf 1440.00000000 50042.53102175825683773 0.10000 7 
 fake.rf 1440.00000000 50055.86128332857770573 0.10000 7 
 fake.rf 1440.00000000 50070.17741533392448261 0.10000 7 
 fake.rf 1440.00000000 50084.28067303562788837 0.10000 7 
 fake.rf 1440.00000000 50098.24128983405035243 0.10000 7 
 fake.rf 1440.00000000 50111.94725753504299703 0.10000 7 
 fake.rf 1440.00000000 50126.06446883176546692 0.10000 7 
 fake.rf 1440.00000000 50139.88769593727222329 0.10000 7 
 fake.rf 1440.00000000 50154.18881378629478007 0.10000 7 
 fake.rf 1440.00000000 50168.04891708401493489 0.10000 7 
 fake.rf 1440.00000000 50182.01097929334782677 0.10000 7 
 fake.rf 1440.00000000 50195.56293358498951207 0.10000 7 
 fake.rf 1440.00000000 50209.64302742451119954 0.10000 7 
 fake.rf 1440.00000000 50223.38159807146566038 0.10000 7 
 fake.rf 1440.00000000 50237.45013242998744474 0.10000 7 
 fake.rf 1440.00000000 50251.39123658555606156 0.10000 7 
 fake.rf 1440.00000000 50265.55521321346326502 0.10000 7 
 fake.rf 1440.00000000 50279.73095161109890938 0.10000 7 
 fake.rf 1440.00000000 50293.69817787804408482 0.10000 7 
 fake.rf 1440.00000000 50307.63415936076691892 0.10000 7 
 fake.rf 1440.00000000 50321.38222382895845186 0.10000 7 
 fake.rf 1440.00000000 50335.08568667493914006 0.10000 7 
 fake.rf 1440.00000000 50349.19714654326923053 0.10000 7 
 fake.rf 1440.00000000 50363.40941823685116319 0.10000 7 
 fake.rf 1440.00000000 50377.48866085147364302 0.10000 7 
 fake.rf 1440.00000000 50391.29276503998771020 0.10000 7 
 fake.rf 1440.00000000 50405.00219894739434778 0.10000 7 
 fake.rf 1440.00000000 50418.90793906993989637 0.10000 7 
 fake.rf 1440.00000000 50432.97775786738564108 0.10000 7 
 fake.rf 1440.00000000 50446.98433459048072081 0.10000 7 
 fake.rf 1440.00000000 50460.74594293818944024 0.10000 7 
 fake.rf 1440.00000000 50474.84948372381829884 0.10000 7 
 fake.rf 1440.00000000 50488.89121475831491992 0.10000 7 
 fake.rf 1440.00000000 50503.00718115451701706 0.10000 7 
 fake.rf 1440.00000000 50516.58553906799723165 0.10000 7 
 fake.rf 1440.00000000 50530.62611292642476712 0.10000 7 
 fake.rf 1440.00000000 50545.15293982035167986 0.10000 7 
 fake.rf 1440.00000000 50558.88673507287686348 0.10000 7 
 fake.rf 1440.00000000 50572.78876205227748741 0.10000 7 
 fake.rf 1440.00000000 50586.98826626293270436 0.10000 7 
 fake.rf 1440.00000000 50600.62039084994785654 0.10000 7 
 fake.rf 1440.00000000 50614.52270612050254073 0.10000 7 
 fake.rf 1440.00000000 50628.31239064557283669 0.10000 7 
 fake.rf 1440.00000000 50642.72950181536522507 0.10000 7 
 fake.rf 1440.00000000 50656.40861383004354224 0.10000 7 
 fake.rf 1440.00000000 50670.30505877167063744 0.10000 7 
 fake.rf 1440.00000000 50684.70150017267998876 0.10000 7 
 fake.rf 1440.00000000 50698.58281483640959308 0.10000 7 
 fake.rf 1440.00000000 50712.69322423892811358 0.10000 7 
 fake.rf 1440.00000000 50726.42845131189456254 0.10000 7 
 fake.rf 1440.00000000 50740.28397356150122377 0.10000 7 
 fake.rf 1440.00000000 50754.18067348296517949 0.10000 7 
 fake.rf 1440.00000000 50768.32425611678141308 0.10000 7 
 fake.rf 1440.00000000 50782.32946433847755330 0.10000 7 
 fake.rf 1440.00000000 50796.47666201600365454 0.10000 7 
 fake.rf 1440.00000000 50810.07104669349216053 0.10000 7 
 fake.rf 1440.00000000 50823.91858510404293625 0.10000 7 
 fake.rf 1440.00000000 50837.81344275168391178 0.10000 7 
 fake.rf 1440.00000000 50852.01846027172251397 0.10000 7 
 fake.rf 1440.00000000 50865.97404360709509774 0.10000 7 
 fake.rf 1440.00000000 50879.91370406886330358 0.10000 7 
 fake.rf 1440.00000000 50893.91855598694912644 0.10000 7 
 fake.rf 1440.00000000 50908.01590617175605402 0.10000 7 
 fake.rf 1440.00000000 50922.03552370085457568 0.10000 7 
 fake.rf 1440.00000000 50935.52790145074716932 0.10000 7 
 fake.rf 1440.00000000 50949.90850225985990818 0.10000 7 
 fake.rf 1440.00000000 50964.00691970129713582 0.10000 7 
 fake.rf 1440.00000000 50977.39768373188359263 0.10000 7 
 fake.rf 1440.00000000 50991.55030588021208970 0.10000 7 
 fake.rf 1440.00000000 51005.58897635454826869 0.10000 7 
 fake.rf 1440.00000000 51019.21747066001181281 0.10000 7 
 fake.rf 1440.00000000 51033.70711014162519348 0.10000 7 
 fake.rf 1440.00000000 51047.68632192971910300 0.10000 7 
 fake.rf 1440.00000000 51061.14272685806912477 0.10000 7 
 fake.rf 1440.00000000 51075.42103689824141455 0.10000 7 
 fake.rf 1440.00000000 51089.11758678764850927 0.10000 7 
 fake.rf 1440.00000000 51103.17532937527631276 0.10000 7 
 fake.rf 1440.00000000 51117.22164021400363865 0.10000 7 
 fake.rf 1440.00000000 51131.50439749525864030 0.10000 7 
 fake.rf 1440.00000000 51145.04410888573342930 0.10000 7 
 fake.rf 1440.00000000 51158.86387287973583682 0.10000 7 
 fake.rf 1440.00000000 51173.04037849211447764 0.10000 7 
 fake.rf 1440.00000000 51187.18168253893485442 0.10000 7 
 fake.rf 1440.00000000 51201.18325521067242789 0.10000 7 
 fake.rf 1440.00000000 51214.73652841146171610 0.10000 7 
 fake.rf 1440.00000000 51229.06325621109105839 0.10000 7 
 fake.rf 1440.00000000 51242.69743962791640968 0.10000 7 
 fake.rf 1440.00000000 51256.80314401901845400 0.10000 7 
 fake.rf 1440.00000000 51271.06295555268503961 0.10000 7 
 fake.rf 1440.00000000 51284.94038249294193577 0.10000 7 
 fake.rf 1440.00000000 51299.03989633624085798 0.10000 7 
 fake.rf 1440.00000000 51312.61092766413613120 0.10000 7 
 fake.rf 1440.00000000 51326.53143266605993844 0.10000 7 
 fake.rf 1440.00000000 51340.76652270643645082 0.10000 7 
 fake.rf 1440.00000000 51354.39539766969785362 0.10000 7 
 fake.rf 1440.00000000 51368.51317310368054692 0.10000 7 
 fake.rf 1440.00000000 51382.50042334147693879 0.10000 7 
 fake.rf 1440.00000000 51396.26594179432252218 0.10000 7 
 fake.rf 1440.00000000 51410.47937407331480486 0.10000 7 
 fake.rf 1440.00000000 51424.65747250366782239 0.10000 7 
 fake.rf 1440.00000000 51438.49988751580705681 0.10000 7 
 fake.rf 1440.00000000 51452.38004016119300843 0.10000 7 
 fake.rf 1440.00000000 51466.41933741264301716 0.10000 7 
 fake.rf 1440.00000000 51480.27919034213404714 0.10000 7 
 fake.rf 1440.00000000 51494.32064062369143187 0.10000 7 
 fake.rf 1440.00000000 51508.00980736132239457 0.10000 7 
 fake.rf 1440.00000000 51522.27110285778267951 0.10000 7 
 fake.rf 1440.00000000 51536.40852183295081446 0.10000 7 
 fake.rf 1440.00000000 51550.18222545452219663 0.10000 7 
 fake.rf 1440.00000000 51564.09783762943425955 0.10000 7 
 fake.rf 1440.00000000 51577.81319404729539713 0.10000 7 
 fake.rf 1440.00000000 51592.11155436333030977 0.10000 7 
 fake.rf 1440.00000000 51606.24189822698271612 0.10000 7 
 fake.rf 1440.00000000 51620.13678483561565713 0.10000 7 
 fake.rf 1440.00000000 51633.80827719063281123 0.10000 7 
 fake.rf 1440.00000000 51647.53012035458198170 0.10000 7 
 fake.rf 1440.00000000 51661.78996078679061554 0.10000 7 
 fake.rf 1440.00000000 51675.80052925725209789 0.10000 7 
 fake.rf 1440.00000000 51689.66630292752588716 0.10000 7 
 fake.rf 1440.00000000 51703.55751424624948598 0.10000 7 
 fake.rf 1440.00000000 51717.48373578134012618 0.10000 7 
 fake.rf 1440.00000000 51731.48724928543032675 0.10000 7 
 fake.rf 1440.00000000 51745.65438476847330307 0.10000 7 
 fake.rf 1440.00000000 51759.53933731271148844 0.10000 7 
 fake.rf 1440.00000000 51773.14950027071311922 0.10000 7 
 fake.rf 1440.00000000 51787.65040343684352564 0.10000 7 
 fake.rf 1440.00000000 51801.69135750601313006 0.10000 7 
 fake.rf 1440.00000000 51815.32699674133360546 0.10000 7 
 fake.rf 1440.00000000 51829.63164444830723099 0.10000 7 
 fake.rf 1440.00000000 51843.25759019219932000 0.10000 7 
 fake.rf 1440.00000000 51857.10955389986743214 0.10000 7 
 fake.rf 1440.00000000 51871.29484265626073380 0.10000 7 
 fake.rf 1440.00000000 51884.83916719344593460 0.10000 7 
 fake.rf 1440.00000000 51899.43532088821607928 0.10000 7 
 fake.rf 1440.00000000 51912.85202195947690029 0.10000 7 
 fake.rf 1440.00000000 51927.14268948622046906 0.10000 7 
 fake.rf 1440.00000000 51940.79956931112283769 0.10000 7 
 fake.rf 1440.00000000 51955.18245860131370861 0.10000 7 
 fake.rf 1440.00000000 51968.98210452222716782 0.10000 7 
 fake.rf 1440.00000000 51983.11758065485508951 0.10000 7 
 fake.rf 1440.00000000 51996.78764158169016341 0.10000 7 
 fake.rf 1440.00000000 52011.00753666491102933 0.10000 7 
 fake.rf 1440.00000000 52024.81293252230024393 0.10000 7 
 fake.rf 1440.00000000 52038.65156334435431873 0.10000 7 
 fake.rf 1440.00000000 52052.80457106950130353 0.10000 7 
 fake.rf 1440.00000000 52066.98635201274231221 0.10000 7 
 fake.rf 1440.00000000 52080.58505208317976454 0.10000 7 
 fake.rf 1440.00000000 52094.36945968295164988 0.10000 7 
 fake.rf 1440.00000000 52108.60003519173038100 0.10000 7 
 fake.rf 1440.00000000 52122.76940159423008936 0.10000 7 
 fake.rf 1440.00000000 52136.48324662979451460 0.10000 7 
 fake.rf 1440.00000000 52150.67826968355548445 0.10000 7 
 fake.rf 1440.00000000 52164.22270906295117854 0.10000 7 
 fake.rf 1440.00000000 52178.14191558407236116 0.10000 7 
 fake.rf 1440.00000000 52192.26011729112443405 0.10000 7 
 fake.rf 1440.00000000 52206.11961231149208018 0.10000 7 
 fake.rf 1440.00000000 52220.57794806923479669 0.10000 7 
 fake.rf 1440.00000000 52234.10866327787984531 0.10000 7 
 fake.rf 1440.00000000 52248.30869024063094130 0.10000 7 
 fake.rf 1440.00000000 52262.44323307503114506 0.10000 7 
 fake.rf 1440.00000000 52276.30478685142391626 0.10000 7 
 fake.rf 1440.00000000 52289.72833689068026075 0.10000 7 
 fake.rf 1440.00000000 52304.08639457457569577 0.10000 7 
 fake.rf 1440.00000000 52318.19716554434780775 0.10000 7 
 fake.rf 1440.00000000 52332.25509538722287317 0.10000 7 
 fake.rf 1440.00000000 52346.06808017412069844 0.10000 7 
 fake.rf 1440.00000000 52359.84107812174180552 0.10000 7 
 fake.rf 1440.00000000 52373.59411380468852215 0.10000 7 
 fake.rf 1440.00000000 52387.82821396398820113 0.10000 7 
 fake.rf 1440.00000000 52401.43908390685692922 0.10000 7 
 fake.rf 1440.00000000 52416.03248845509634535 0.10000 7 
 fake.rf 1440.00000000 52429.97487561231873698 0.10000 7 
 fake.rf 1440.00000000 52443.84386670050134782 0.10000 7 
 fake.rf 1440.00000000 52457.61422650169216553 0.10000 7 
 fake.rf 1440.00000000 52471.43347057657682342 0.10000 7 
 fake.rf 1440.00000000 52485.49369548646532735 0.10000 7 
 fake.rf 1440.00000000 52499.48406223364657208 0.10000 7 
 fake.rf 1440.00000000 52513.60689914031675940 0.10000 7 
 fake.rf 1440.00000000 52527.48975768790476693 0.10000 7 
 fake.rf 1440.00000000 52541.08225937015204110 0.10000 7 
 fake.rf 1440.00000000 52555.41268874366151209 0.10000 7 
 fake.rf 1440.00000000 52569.04761835680903914 0.10000 7 
 fake.rf 1440.00000000 52583.54003584741454702 0.10000 7 
 fake.rf 1440.00000000 52597.45313064841780104 0.10000 7 
 fake.rf 1440.00000000 52611.04549282564527601 0.10000 7 
 fake.rf 1440.00000000 52625.02767147227817190 0.10000 7 
 fake.rf 1440.00000000 52638.83848735025465970 0.10000 7 
 fake.rf 1440.00000000 52652.92741137987900402 0.10000 7 
 fake.rf 1440.00000000 52667.14519797267367451 0.10000 7 
 fake.rf 1440.00000000 52681.19426686666228576 0.10000 7 
 fake.rf 1440.00000000 52694.78929313196833562 0.10000 7 
 fake.rf 1440.00000000 52708.90685954225834919 0.10000 7 
 fake.rf 1440.00000000 52723.08437123519285805 0.10000 7 
 fake.rf 1440.00000000 52737.07568121872412803 0.10000 7 
 fake.rf 1440.00000000 52750.67557800069480933 0.10000 7 
 fake.rf 1440.00000000 52764.94924556839209018 0.10000 7 
 fake.rf 1440.00000000 52778.79176644345251290 0.10000 7 
 fake.rf 1440.00000000 52792.86955393647317436 0.10000 7 
 fake.rf 1440.00000000 52806.93448322982395737 0.10000 7 
 fake.rf 1440.00000000 52820.38266370282237361 0.10000 7 
 fake.rf 1440.00000000 52834.77621384844574592 0.10000 7 
 fake.rf 1440.00000000 52848.80610706841141777 0.10000 7 
 fake.rf 1440.00000000 52862.23490077985251290 0.10000 7 
 fake.rf 1440.00000000 52876.53566810396361220 0.10000 7 
 fake.rf 1440.00000000 52890.37414713874037631 0.10000 7 
 fake.rf 1440.00000000 52904.32707763142475699 0.10000 7 
 fake.rf 1440.00000000 52918.05962929099804271 0.10000 7 
 fake.rf 1440.00000000 52932.59336787949534653 0.10000 7 
 fake.rf 1440.00000000 52946.04069462065426421 0.10000 7 
 fake.rf 1440.00000000 52960.36099757123566434 0.10000 7 
 fake.rf 1440.00000000 52973.85879721526756825 0.10000 7 
 fake.rf 1440.00000000 52988.34144609202494181 0.10000 7 
 fake.rf 1440.00000000 53002.33490471960369206 0.10000 7 
