FORMAT 1
 fake.rf 1440.00000000 50000.04704519729945389 0.10000 7 
 fake.rf 1440.00000000 50014.22277281684920425 0.10000 7 
 fake.rf 1440.00000000 50028.26820148789012777 0.10000 7 
 fake.rf 1440.00000000 50042.00535303838586643 0.10000 7 
 fake.rf 1440.00000000 50056.10893275953741366 0.10000 7 
 fake.rf 1440.00000000 50070.43603852606027971 0.10000 7 
 fake.rf 1440.00000000 50083.89108571520166535 0.10000 7 
 fake.rf 1440.00000000 50098.37333345225820835 0.10000 7 
 fake.rf 1440.00000000 50111.75865099466457764 0.10000 7 
 fake.rf 1440.00000000 50125.75268407729244302 0.10000 7 
 fake.rf 1440.00000000 50139.92497257199148919 0.10000 7 
 fake.rf 1440.00000000 50153.73801823803030686 0.10000 7 
 fake.rf 1440.00000000 50168.08225185053186124 0.10000 7 
 fake.rf 1440.00000000 50181.62143172154159387 0.10000 7 
 fake.rf 1440.00000000 50195.67036460934861353 0.10000 7 
 fake.rf 1440.00000000 50209.97886514652748247 0.10000 7 
 fake.rf 1440.00000000 50224.04189478124533963 0.10000 7 
 fake.rf 1440.00000000 50237.92228260869928747 0.10000 7 
 fake.rf 1440.00000000 50251.97226149266294470 0.10000 7 
 fake.rf 1440.00000000 50265.74986532097035408 0.10000 7 
 fake.rf 1440.00000000 50279.55634998775889599 0.10000 7 
 fake.rf 1440.00000000 50293.81275649135154282 0.10000 7 
 fake.rf 1440.00000000 50307.37521593701050548 0.10000 7 
 fake.rf 1440.00000000 50321.28668325499352321 0.10000 7 
 fake.rf 1440.00000000 50335.15203928913960851 0.10000 7 
 fake.rf 1440.00000000 50349.56811765061108233 0.10000 7 
 fake.rf 1440.00000000 50363.37308462844208634 0.10000 7 
 fake.rf 1440.00000000 50377.15326344923179391 0.10000 7 
 fake.rf 1440.00000000 50391.34969051951414087 0.10000 7 
 fake.rf 1440.00000000 50405.40409134997884877 0.10000 7 
 fake.rf 1440.00000000 50418.93137901907214626 0.10000 7 
 fake.rf 1440.00000000 50433.27843155441491874 0.10000 7 
 fake.rf 1440.00000000 50446.88011935783636730 0.10000 7 
 fake.rf 1440.00000000 50461.15772842970652334 0.10000 7 
 fake.rf 1440.00000000 50475.28015859373885377 0.10000 7 
 fake.rf 1440.00000000 50489.02365223092278512 0.10000 7 
 fake.rf 1440.00000000 50502.99992645411331083 0.10000 7 
 fake.rf 1440.00000000 50516.61562987677812586 0.10000 7 
 fake.rf 1440.00000000 50530.87959731138652586 0.10000 7 
 fake.rf 1440.00000000 50544.94608178701959389 0.10000 7 
 fake.rf 1440.00000000 50558.59404437327388493 0.10000 7 
 fake.rf 1440.00000000 50573.06852634468618390 0.10000 7 
 fake.rf 1440.00000000 50586.98628258867081087 0.10000 7 
 fake.rf 1440.00000000 50601.01670483532641498 0.10000 7 
 fake.rf 1440.00000000 50614.40192608372674954 0.10000 7 
 fake.rf 1440.00000000 50628.40684127910839862 0.10000 7 
 fake.rf 1440.00000000 50642.78399009863863256 0.10000 7 
 fake.rf 1440.00000000 50656.27046709024214266 0.10000 7 
 fake.rf 1440.00000000 50670.19399618644882466 0.10000 7 
 fake.rf 1440.00000000 50684.65934994399886193 0.10000 7 
 fake.rf 1440.00000000 50698.62832348689269679 0.10000 7 
 fake.rf 1440.00000000 50712.39656328772740679 0.10000 7 
 fake.rf 1440.00000000 50726.48988301598186368 0.10000 7 
 fake.rf 1440.00000000 50740.05954204324731904 0.10000 7 
 fake.rf 1440.00000000 50754.44414191724453644 0.10000 7 
 fake.rf 1440.00000000 50768.44104369368241692 0.10000 7 
 fake.rf 1440.00000000 50782.46500716653907048 0.10000 7 
 fake.rf 1440.00000000 50796.02613342733485524 0.10000 7 
 fake.rf 1440.00000000 50809.84144008007969262 0.10000 7 
 fake.rf 1440.00000000 50824.10005670591675653 0.10000 7 
 fake.rf 1440.00000000 50837.75380982437961208 0.10000 7 
 fake.rf 1440.00000000 50851.80129692511741979 0.10000 7 
 fake.rf 1440.00000000 50865.77852547185762333 0.10000 7 
 fake.rf 1440.00000000 50879.73885916323506962 0.10000 7 
 fake.rf 1440.00000000 50894.10218135412918627 0.10000 7 
 fake.rf 1440.00000000 50907.57339949102827248 0.10000 7 
 fake.rf 1440.00000000 50921.98211953443573918 0.10000 7 
 fake.rf 1440.00000000 50935.69327534423758763 0.10000 7 
 fake.rf 1440.00000000 50949.48508963270507266 0.10000 7 
 fake.rf 1440.00000000 50963.52933649368547719 0.10000 7 
 fake.rf 1440.00000000 50977.34520289643545965 0.10000 7 
 fake.rf 1440.00000000 50991.48987248398450589 0.10000 7 
 fake.rf 1440.00000000 51005.38016072584602156 0.10000 7 
 fake.rf 1440.00000000 51019.81867610717184647 0.10000 7 
 fake.rf 1440.00000000 51033.36532732621482467 0.10000 7 
 fake.rf 1440.00000000 51047.34572955010618500 0.10000 7 
 fake.rf 1440.00000000 51061.16071952389678401 0.10000 7 
 fake.rf 1440.00000000 51075.12274563883548595 0.10000 7 
 fake.rf 1440.00000000 51089.29451758187113697 0.10000 7 
 fake.rf 1440.00000000 51103.07126268522808132 0.10000 7 
 fake.rf 1440.00000000 51117.53686864818168090 0.10000 7 
 fake.rf 1440.00000000 51131.04917357152620738 0.10000 7 
 fake.rf 1440.00000000 51145.29905120806589736 0.10000 7 
 fake.rf 1440.00000000 51159.22953628822608607 0.10000 7 
 fake.rf 1440.00000000 51173.01639294513695688 0.10000 7 
 fake.rf 1440.00000000 51187.02242984874930443 0.10000 7 
 fake.rf 1440.00000000 51200.98804277473085378 0.10000 7 
 fake.rf 1440.00000000 51214.83708900537403252 0.10000 7 
 fake.rf 1440.00000000 51229.10914489160177610 0.10000 7 
 fake.rf 1440.00000000 51242.92829055514160430 0.10000 7 
 fake.rf 1440.00000000 51257.07417948028208698 0.10000 7 
 fake.rf 1440.00000000 51271.03821453267647357 0.10000 7 
 fake.rf 1440.00000000 51284.94307332529236731 0.10000 7 
 fake.rf 1440.00000000 51299.10441689958137701 0.10000 7 
 fake.rf 1440.00000000 51313.06701169188957223 0.10000 7 
 fake.rf 1440.00000000 51326.70675210816833811 0.10000 7 
 fake.rf 1440.00000000 51340.37753984703098098 0.10000 7 
 fake.rf 1440.00000000 51354.78708075582378356 0.10000 7 
 fake.rf 1440.00000000 51368.84286971730941929 0.10000 7 
 fake.rf 1440.00000000 51382.34369783402176068 0.10000 7 
 fake.rf 1440.00000000 51396.83571165989270568 0.10000 7 
 fake.rf 1440.00000000 51410.74559308072347363 0.10000 7 
 fake.rf 1440.00000000 51424.42931685113371643 0.10000 7 
 fake.rf 1440.00000000 51438.18317829783873663 0.10000 7 
 fake.rf 1440.00000000 51452.56980118161981252 0.10000 7 
 fake.rf 1440.00000000 51466.50506890810947169 0.10000 7 
 fake.rf 1440.00000000 51480.27755867166799320 0.10000 7 
 fake.rf 1440.00000000 51494.51739756871905129 0.10000 7 
 fake.rf 1440.00000000 51508.45291749051178343 0.10000 7 
 fake.rf 1440.00000000 51522.43540526932512336 0.10000 7 
 fake.rf 1440.00000000 51535.82354868657503744 0.10000 7 
 fake.rf 1440.00000000 51550.26290060531455595 0.10000 7 
 fake.rf 1440.00000000 51563.79591936285507003 0.10000 7 
 fake.rf 1440.00000000 51578.13883315282723174 0.10000 7 
 fake.rf 1440.00000000 51591.88022954602563530 0.10000 7 
 fake.rf 1440.00000000 51605.90499772006268131 0.10000 7 
 fake.rf 1440.00000000 51619.62550781712976189 0.10000 7 
 fake.rf 1440.00000000 51634.03740986828407600 0.10000 7 
 fake.rf 1440.00000000 51647.94945036273337280 0.10000 7 
 fake.rf 1440.00000000 51661.98024235770986934 0.10000 7 
 fake.rf 1440.00000000 51675.58284948853998486 0.10000 7 
 fake.rf 1440.00000000 51689.67900495749973189 0.10000 7 
 fake.rf 1440.00000000 51703.71205811310746370 0.10000 7 
 fake.rf 1440.00000000 51717.92441674423054110 0.10000 7 
 fake.rf 1440.00000000 51731.55347519158029002 0.10000 7 
 fake.rf 1440.00000000 51745.58734919245834050 0.10000 7 
 fake.rf 1440.00000000 51759.47767432994076842 0.10000 7 
 fake.rf 1440.00000000 51773.48241322138976983 0.10000 7 
 fake.rf 1440.00000000 51787.29738753695986375 0.10000 7 
 fake.rf 1440.00000000 51801.28172772711301519 0.10000 7 
 fake.rf 1440.00000000 51815.49218746524099544 0.10000 7 
 fake.rf 1440.00000000 51829.17073498463541981 0.10000 7 
 fake.rf 1440.00000000 51843.10318267631212663 0.10000 7 
 fake.rf 1440.00000000 51857.03559222296269837 0.10000 7 
 fake.rf 1440.00000000 51871.17289397077500013 0.10000 7 
 fake.rf 1440.00000000 51884.86352393164476027 0.10000 7 
 fake.rf 1440.00000000 51899.43609393538533681 0.10000 7 
 fake.rf 1440.00000000 51913.38411150739487709 0.10000 7 
 fake.rf 1440.00000000 51927.35280642935838813 0.10000 7 
 fake.rf 1440.00000000 51941.23245575512378736 0.10000 7 
 fake.rf 1440.00000000 51955.20118718916247147 0.10000 7 
 fake.rf 1440.00000000 51969.26291826940622443 0.10000 7 
 fake.rf 1440.00000000 51982.95347888478275777 0.10000 7 
 fake.rf 1440.00000000 51997.16012183249119971 0.10000 7 
 fake.rf 1440.00000000 52010.93632609909811038 0.10000 7 
 fake.rf 1440.00000000 52025.07317586604608550 0.10000 7 
 fake.rf 1440.00000000 52038.67614635432651582 0.10000 7 
 fake.rf 1440.00000000 52052.87775344239914332 0.10000 7 
 fake.rf 1440.00000000 52066.79806468635570482 0.10000 7 
 fake.rf 1440.00000000 52080.35130170138370787 0.10000 7 
 fake.rf 1440.00000000 52094.62192689022279168 0.10000 7 
 fake.rf 1440.00000000 52108.84973795761241888 0.10000 7 
 fake.rf 1440.00000000 52122.53735655202573085 0.10000 7 
 fake.rf 1440.00000000 52136.21259423892109908 0.10000 7 
 fake.rf 1440.00000000 52150.69099005751199982 0.10000 7 
 fake.rf 1440.00000000 52164.71255978482401261 0.10000 7 
 fake.rf 1440.00000000 52178.45989757237492768 0.10000 7 
 fake.rf 1440.00000000 52192.20017791293424025 0.10000 7 
 fake.rf 1440.00000000 52206.26471259891422250 0.10000 7 
 fake.rf 1440.00000000 52220.53191742424858290 0.10000 7 
 fake.rf 1440.00000000 52234.29476400177062700 0.10000 7 
 fake.rf 1440.00000000 52247.94131786168579978 0.10000 7 
 fake.rf 1440.00000000 52261.92529628013494403 0.10000 7 
 fake.rf 1440.00000000 52276.32548329597137737 0.10000 7 
 fake.rf 1440.00000000 52289.94267275427365149 0.10000 7 
 fake.rf 1440.00000000 52304.10217898344609466 0.10000 7 
 fake.rf 1440.00000000 52318.23122202248299573 0.10000 7 
 fake.rf 1440.00000000 52331.79254086930754752 0.10000 7 
 fake.rf 1440.00000000 52345.93829077159234942 0.10000 7 
 fake.rf 1440.00000000 52360.07425478738556279 0.10000 7 
 fake.rf 1440.00000000 52373.55344903590736649 0.10000 7 
 fake.rf 1440.00000000 52387.70615640913680267 0.10000 7 
 fake.rf 1440.00000000 52401.94207757931319236 0.10000 7 
 fake.rf 1440.00000000 52415.81672517880110718 0.10000 7 
 fake.rf 1440.00000000 52429.54763489836167878 0.10000 7 
 fake.rf 1440.00000000 52443.59798638465453280 0.10000 7 
 fake.rf 1440.00000000 52457.64770984456959368 0.10000 7 
 fake.rf 1440.00000000 52471.68648279228736442 0.10000 7 
 fake.rf 1440.00000000 52485.31000076317221570 0.10000 7 
 fake.rf 1440.00000000 52499.31826150062563485 0.10000 7 
 fake.rf 1440.00000000 52513.61516423410400733 0.10000 7 
 fake.rf 1440.00000000 52527.54753343279728384 0.10000 7 
 fake.rf 1440.00000000 52541.15516465454096817 0.10000 7 
 fake.rf 1440.00000000 52555.17791203250070708 0.10000 7 
 fake.rf 1440.00000000 52569.49041166608985520 0.10000 7 
 fake.rf 1440.00000000 52582.94799810598226486 0.10000 7 
 fake.rf 1440.00000000 52597.03054125610457348 0.10000 7 
 fake.rf 1440.00000000 52611.12860476344275895 0.10000 7 
 fake.rf 1440.00000000 52625.03136428529601076 0.10000 7 
 fake.rf 1440.00000000 52639.21666819038641805 0.10000 7 
 fake.rf 1440.00000000 52652.95349592720543441 0.10000 7 
 fake.rf 1440.00000000 52667.32399474203856471 0.10000 7 
 fake.rf 1440.00000000 52681.19407855838747068 0.10000 7 
 fake.rf 1440.00000000 52694.95311080073442156 0.10000 7 
 fake.rf 1440.00000000 52709.09535602548897160 0.10000 7 
 fake.rf 1440.00000000 52722.62085538145718289 0.10000 7 
 fake.rf 1440.00000000 52736.57761991028463200 0.10000 7 
 fake.rf 1440.00000000 52750.88713422907276041 0.10000 7 
 fake.rf 1440.00000000 52764.67884515862824557 0.10000 7 
 fake.rf 1440.00000000 52778.81958566580971137 0.10000 7 
 fake.rf 1440.00000000 52792.63662340018922237 0.10000 7 
 fake.rf 1440.00000000 52806.61242132145207151 0.10000 7 
 fake.rf 1440.00000000 52820.94409528420750988 0.10000 7 
 fake.rf 1440.00000000 52834.36861356842625881 0.10000 7 
 fake.rf 1440.00000000 52848.25728516842067606 0.10000 7 
 fake.rf 1440.00000000 52862.35809490714817116 0.10000 7 
 fake.rf 1440.00000000 52876.53785741142975851 0.10000 7 
 fake.rf 1440.00000000 52890.51447852920973602 0.10000 7 
 fake.rf 1440.00000000 52904.69228731038689872 0.10000 7 
 fake.rf 1440.00000000 52918.53379381067302489 0.10000 7 
 fake.rf 1440.00000000 52932.55690176894308863 0.10000 7 
 fake.rf 1440.00000000 52946.40317264021167531 0.10000 7 
 fake.rf 1440.00000000 52960.21527442000369135 0.10000 7 
 fake.rf 1440.00000000 52973.88423967330720998 0.10000 7 
 fake.rf 1440.00000000 52988.45815066566239082 0.10000 7 
 fake.rf 1440.00000000 53001.95431146078725959 0.10000 7 
