FORMAT 1
 fake.rf 1440.00000000 50000.04284396136851853 0.10000 7 
 fake.rf 1440.00000000 50014.07085751479421987 0.10000 7 
 fake.rf 1440.00000000 50028.36997451377690282 0.10000 7 
 fake.rf 1440.00000000 50042.14240455159462329 0.10000 7 
 fake.rf 1440.00000000 50056.39394808730779829 0.10000 7 
 fake.rf 1440.00000000 50070.46811892715076553 0.10000 7 
 fake.rf 1440.00000000 50083.98260716860602315 0.10000 7 
 fake.rf 1440.00000000 50098.14246056753251679 0.10000 7 
 fake.rf 1440.00000000 50112.01388965915859330 0.10000 7 
 fake.rf 1440.00000000 50125.70884920899195691 0.10000 7 
 fake.rf 1440.00000000 50140.09909475242073640 0.10000 7 
 fake.rf 1440.00000000 50153.96551443616235133 0.10000 7 
 fake.rf 1440.00000000 50168.00821436715030188 0.10000 7 
 fake.rf 1440.00000000 50181.56173022655161375 0.10000 7 
 fake.rf 1440.00000000 50195.60711648778648453 0.10000 7 
 fake.rf 1440.00000000 50209.50508022454025792 0.10000 7 
 fake.rf 1440.00000000 50223.73928672606411894 0.10000 7 
 fake.rf 1440.00000000 50237.48790638241516859 0.10000 7 
 fake.rf 1440.00000000 50251.51528111236492435 0.10000 7 
 fake.rf 1440.00000000 50265.67638530708156352 0.10000 7 
 fake.rf 1440.00000000 50279.56404075339180793 0.10000 7 
 fake.rf 1440.00000000 50293.80940404891254047 0.10000 7 
 fake.rf 1440.00000000 50307.31868872987305963 0.10000 7 
 fake.rf 1440.00000000 50321.42237898275153540 0.10000 7 
 fake.rf 1440.00000000 50335.54747488114866627 0.10000 7 
 fake.rf 1440.00000000 50349.11809363326430855 0.10000 7 
 fake.rf 1440.00000000 50363.10628087239492601 0.10000 7 
 fake.rf 1440.00000000 50377.08170456090676126 0.10000 7 
 fake.rf 1440.00000000 50391.02618132178857024 0.10000 7 
 fake.rf 1440.00000000 50404.95983888795850802 0.10000 7 
 fake.rf 1440.00000000 50419.13631613387277142 0.10000 7 
 fake.rf 1440.00000000 50432.95046342512545579 0.10000 7 
 fake.rf 1440.00000000 50446.95036065804616143 0.10000 7 
 fake.rf 1440.00000000 50460.79751427988261980 0.10000 7 
 fake.rf 1440.00000000 50475.08898431214191760 0.10000 7 
 fake.rf 1440.00000000 50488.71198446599864340 0.10000 7 
 fake.rf 1440.00000000 50502.67153499597673516 0.10000 7 
 fake.rf 1440.00000000 50517.18238596573706545 0.10000 7 
 fake.rf 1440.00000000 50531.00346564609668931 0.10000 7 
 fake.rf 1440.00000000 50544.87267136415485425 0.10000 7 
 fake.rf 1440.00000000 50559.11670794991878708 0.10000 7 
 fake.rf 1440.00000000 50572.69959252439632635 0.10000 7 
 fake.rf 1440.00000000 50586.47344397984114295 0.10000 7 
 fake.rf 1440.00000000 50600.79840659241345691 0.10000 7 
 fake.rf 1440.00000000 50614.63969976006501028 0.10000 7 
 fake.rf 1440.00000000 50628.49716358133039051 0.10000 7 
 fake.rf 1440.00000000 50642.75831593039186984 0.10000 7 
 fake.rf 1440.00000000 50656.87204170712096385 0.10000 7 
 fake.rf 1440.00000000 50670.51635123714044795 0.10000 7 
 fake.rf 1440.00000000 50684.17643769525922082 0.10000 7 
 fake.rf 1440.00000000 50698.48949372737534347 0.10000 7 
 fake.rf 1440.00000000 50712.05968475657186545 0.10000 7 
 fake.rf 1440.00000000 50726.67002726451910277 0.10000 7 
 fake.rf 1440.00000000 50740.53059406402304887 0.10000 7 
 fake.rf 1440.00000000 50754.24270139201068019 0.10000 7 
 fake.rf 1440.00000000 50768.34969918265897348 0.10000 7 
 fake.rf 1440.00000000 50782.48577747882852407 0.10000 7 
 fake.rf 1440.00000000 50796.22429812649897229 0.10000 7 
 fake.rf 1440.00000000 50810.34494571416571773 0.10000 7 
 fake.rf 1440.00000000 50823.79706015394480190 0.10000 7 
 fake.rf 1440.00000000 50838.17413107607077905 0.10000 7 
 fake.rf 1440.00000000 50851.84281532661677616 0.10000 7 
 fake.rf 1440.00000000 50865.81396975048208020 0.10000 7 
 fake.rf 1440.00000000 50880.22916401366427408 0.10000 7 
 fake.rf 1440.00000000 50893.78322794693945141 0.10000 7 
 fake.rf 1440.00000000 50908.08407839165186459 0.10000 7 
 fake.rf 1440.00000000 50921.49383222895161083 0.10000 7 
 fake.rf 1440.00000000 50935.71233948089331278 0.10000 7 
 fake.rf 1440.00000000 50949.89560030820971548 0.10000 7 
 fake.rf 1440.00000000 50963.83132653739905749 0.10000 7 
 fake.rf 1440.00000000 50977.95726552755782635 0.10000 7 
 fake.rf 1440.00000000 50991.75612240886353632 0.10000 7 
 fake.rf 1440.00000000 51005.31295926035851451 0.10000 7 
 fake.rf 1440.00000000 51019.25097578430288436 0.10000 7 
 fake.rf 1440.00000000 51033.41302128584035458 0.10000 7 
 fake.rf 1440.00000000 51047.51604408396677215 0.10000 7 
 fake.rf 1440.00000000 51061.34975052314962696 0.10000 7 
 fake.rf 1440.00000000 51075.14450775422494999 0.10000 7 
 fake.rf 1440.00000000 51089.39948235843700530 0.10000 7 
 fake.rf 1440.00000000 51103.58239103088303779 0.10000 7 
 fake.rf 1440.00000000 51117.07546081882080813 0.10000 7 
 fake.rf 1440.00000000 51131.01505087921142945 0.10000 7 
 fake.rf 1440.00000000 51145.47304327543131919 0.10000 7 
 fake.rf 1440.00000000 51158.94801499796900046 0.10000 7 
 fake.rf 1440.00000000 51173.45306462984658680 0.10000 7 
 fake.rf 1440.00000000 51186.99472377406413415 0.10000 7 
 fake.rf 1440.00000000 51201.28158600087494534 0.10000 7 
 fake.rf 1440.00000000 51215.29427331235614673 0.10000 7 
 fake.rf 1440.00000000 51229.27934583289672688 0.10000 7 
 fake.rf 1440.00000000 51243.05841502346313732 0.10000 7 
 fake.rf 1440.00000000 51257.22810952621316716 0.10000 7 
 fake.rf 1440.00000000 51270.96181234853544240 0.10000 7 
 fake.rf 1440.00000000 51285.11445856187355830 0.10000 7 
 fake.rf 1440.00000000 51298.62686686517907830 0.10000 7 
 fake.rf 1440.00000000 51312.81399004194759783 0.10000 7 
 fake.rf 1440.00000000 51326.55892621036000989 0.10000 7 
 fake.rf 1440.00000000 51340.41041107714093172 0.10000 7 
 fake.rf 1440.00000000 51354.71218080141286322 0.10000 7 
 fake.rf 1440.00000000 51368.71385030916430736 0.10000 7 
 fake.rf 1440.00000000 51382.78682203202521350 0.10000 7 
 fake.rf 1440.00000000 51396.39587739652854026 0.10000 7 
 fake.rf 1440.00000000 51410.56171196963611081 0.10000 7 
 fake.rf 1440.00000000 51424.47176661574396661 0.10000 7 
 fake.rf 1440.00000000 51438.34255161853641880 0.10000 7 
 fake.rf 1440.00000000 51452.48462875481977363 0.10000 7 
 fake.rf 1440.00000000 51466.59495493294186730 0.10000 7 
 fake.rf 1440.00000000 51480.60698886388763995 0.10000 7 
 fake.rf 1440.00000000 51493.95433178008064701 0.10000 7 
 fake.rf 1440.00000000 51507.89764128104953045 0.10000 7 
 fake.rf 1440.00000000 51522.20287586487479103 0.10000 7 
 fake.rf 1440.00000000 51536.43802017880524957 0.10000 7 
 fake.rf 1440.00000000 51549.91262555653907640 0.10000 7 
 fake.rf 1440.00000000 51564.19567627421265144 0.10000 7 
 fake.rf 1440.00000000 51578.26037240291176289 0.10000 7 
 fake.rf 1440.00000000 51591.91484217599745676 0.10000 7 
 fake.rf 1440.00000000 51606.07450197540082826 0.10000 7 
 fake.rf 1440.00000000 51619.71908332208150583 0.10000 7 
 fake.rf 1440.00000000 51633.69864137976903606 0.10000 7 
 fake.rf 1440.00000000 51647.90921453538589603 0.10000 7 
 fake.rf 1440.00000000 51661.57709445945211968 0.10000 7 
 fake.rf 1440.00000000 51676.04061447533317164 0.10000 7 
 fake.rf 1440.00000000 51689.79244154894749741 0.10000 7 
 fake.rf 1440.00000000 51703.89891702351604508 0.10000 7 
 fake.rf 1440.00000000 51717.88664260477547074 0.10000 7 
 fake.rf 1440.00000000 51731.85577066937072033 0.10000 7 
 fake.rf 1440.00000000 51745.52092871835730037 0.10000 7 
 fake.rf 1440.00000000 51759.29181664983278210 0.10000 7 
 fake.rf 1440.00000000 51773.15065560909535591 0.10000 7 
 fake.rf 1440.00000000 51787.15580948391219351 0.10000 7 
 fake.rf 1440.00000000 51801.63325959972249279 0.10000 7 
 fake.rf 1440.00000000 51815.60329634579778002 0.10000 7 
 fake.rf 1440.00000000 51829.25573165007516252 0.10000 7 
 fake.rf 1440.00000000 51843.27057573189442152 0.10000 7 
 fake.rf 1440.00000000 51857.18889321296332184 0.10000 7 
 fake.rf 1440.00000000 51871.41700626472782432 0.10000 7 
 fake.rf 1440.00000000 51884.94548680387486783 0.10000 7 
 fake.rf 1440.00000000 51899.01235665168681521 0.10000 7 
 fake.rf 1440.00000000 51913.29072959817164801 0.10000 7 
 fake.rf 1440.00000000 51926.87144581817918976 0.10000 7 
 fake.rf 1440.00000000 51940.91985122082175508 0.10000 7 
 fake.rf 1440.00000000 51954.87501823490779174 0.10000 7 
 fake.rf 1440.00000000 51968.72910479876524903 0.10000 7 
 fake.rf 1440.00000000 51982.95700827382383480 0.10000 7 
 fake.rf 1440.00000000 51996.56678545188253082 0.10000 7 
 fake.rf 1440.00000000 52010.52379420857479886 0.10000 7 
 fake.rf 1440.00000000 52025.11106018099149040 0.10000 7 
 fake.rf 1440.00000000 52038.91872317152455096 0.10000 7 
 fake.rf 1440.00000000 52052.55853934868420296 0.10000 7 
 fake.rf 1440.00000000 52066.49692284058524194 0.10000 7 
 fake.rf 1440.00000000 52080.55338507593895869 0.10000 7 
 fake.rf 1440.00000000 52094.56597384118593652 0.10000 7 
 fake.rf 1440.00000000 52108.33943677249714099 0.10000 7 
 fake.rf 1440.00000000 52122.85261879310533217 0.10000 7 
 fake.rf 1440.00000000 52136.34324242507230096 0.10000 7 
 fake.rf 1440.00000000 52150.14265702171208616 0.10000 7 
 fake.rf 1440.00000000 52164.66319320788962344 0.10000 7 
 fake.rf 1440.00000000 52178.52386764317511592 0.10000 7 
 fake.rf 1440.00000000 52192.13239620103186311 0.10000 7 
 fake.rf 1440.00000000 52206.54999737198988186 0.10000 7 
 fake.rf 1440.00000000 52220.45405173952914168 0.10000 7 
 fake.rf 1440.00000000 52233.91158981042600828 0.10000 7 
 fake.rf 1440.00000000 52248.33745382814731784 0.10000 7 
 fake.rf 1440.00000000 52261.93216961333969195 0.10000 7 
 fake.rf 1440.00000000 52276.10944443381054114 0.10000 7 
 fake.rf 1440.00000000 52289.82518538679183706 0.10000 7 
 fake.rf 1440.00000000 52304.35290690647554612 0.10000 7 
 fake.rf 1440.00000000 52318.09688836138276002 0.10000 7 
 fake.rf 1440.00000000 52331.91772517917883079 0.10000 7 
 fake.rf 1440.00000000 52346.09537908824833607 0.10000 7 
 fake.rf 1440.00000000 52360.12496950672914053 0.10000 7 
 fake.rf 1440.00000000 52374.03243781072607277 0.10000 7 
 fake.rf 1440.00000000 52387.53681812196690615 0.10000 7 
 fake.rf 1440.00000000 52401.45872119442287840 0.10000 7 
 fake.rf 1440.00000000 52415.63231897385945501 0.10000 7 
 fake.rf 1440.00000000 52429.45136915904664932 0.10000 7 
 fake.rf 1440.00000000 52443.36850713359716636 0.10000 7 
 fake.rf 1440.00000000 52457.50093025414930281 0.10000 7 
 fake.rf 1440.00000000 52471.83253618325550960 0.10000 7 
 fake.rf 1440.00000000 52485.42771638744916629 0.10000 7 
 fake.rf 1440.00000000 52499.53674905525512884 0.10000 7 
 fake.rf 1440.00000000 52513.29637665769014632 0.10000 7 
 fake.rf 1440.00000000 52527.60903838124325915 0.10000 7 
 fake.rf 1440.00000000 52541.52976000390699696 0.10000 7 
 fake.rf 1440.00000000 52555.17412897872553401 0.10000 7 
 fake.rf 1440.00000000 52569.01564048220666692 0.10000 7 
 fake.rf 1440.00000000 52583.44066940692616896 0.10000 7 
 fake.rf 1440.00000000 52596.97713396532945751 0.10000 7 
 fake.rf 1440.00000000 52611.38421260182665762 0.10000 7 
 fake.rf 1440.00000000 52625.45599614479600703 0.10000 7 
 fake.rf 1440.00000000 52638.78162130995480439 0.10000 7 
 fake.rf 1440.00000000 52653.13098041286429307 0.10000 7 
 fake.rf 1440.00000000 52667.36519474166680510 0.10000 7 
 fake.rf 1440.00000000 52681.15490997030569176 0.10000 7 
 fake.rf 1440.00000000 52695.13721094609161000 0.10000 7 
 fake.rf 1440.00000000 52708.92025947284978926 0.10000 7 
 fake.rf 1440.00000000 52723.13060843828622737 0.10000 7 
 fake.rf 1440.00000000 52737.01219025585662337 0.10000 7 
 fake.rf 1440.00000000 52750.57744635967775437 0.10000 7 
 fake.rf 1440.00000000 52764.64685821962832790 0.10000 7 
 fake.rf 1440.00000000 52778.74432004017807429 0.10000 7 
 fake.rf 1440.00000000 52792.37739258124869579 0.10000 7 
 fake.rf 1440.00000000 52806.39249873781714228 0.10000 7 
 fake.rf 1440.00000000 52820.69923362409892675 0.10000 7 
 fake.rf 1440.00000000 52834.29243534810418126 0.10000 7 
 fake.rf 1440.00000000 52848.51936537066555388 0.10000 7 
 fake.rf 1440.00000000 52862.68337648243306859 0.10000 7 
 fake.rf 1440.00000000 52876.23194220823194200 0.10000 7 
 fake.rf 1440.00000000 52890.62952148930647667 0.10000 7 
 fake.rf 1440.00000000 52904.49669795873726486 0.10000 7 
 fake.rf 1440.00000000 52918.34533660791492693 0.10000 7 
 fake.rf 1440.00000000 52932.22350791783885171 0.10000 7 
 fake.rf 1440.00000000 52946.55520469785333759 0.10000 7 
 fake.rf 1440.00000000 52960.08806444682550918 0.10000 7 
 fake.rf 1440.00000000 52973.92518346371799609 0.10000 7 
 fake.rf 1440.00000000 52987.93947528828957161 0.10000 7 
 fake.rf 1440.00000000 53002.01873931749510405 0.10000 7 
