FORMAT 1
 fake.rf 1440.00000000 50000.58194295255375650 0.10000 7 
 fake.rf 1440.00000000 50014.17092536217160514 0.10000 7 
 fake.rf 1440.00000000 50028.02882745000874465 0.10000 7 
 fake.rf 1440.00000000 50042.43921106672223686 0.10000 7 
 fake.rf 1440.00000000 50056.05871135078406198 0.10000 7 
 fake.rf 1440.00000000 50070.30419867342417817 0.10000 7 
 fake.rf 1440.00000000 50084.32035597309496566 0.10000 7 
 fake.rf 1440.00000000 50097.76779760564843613 0.10000 7 
 fake.rf 1440.00000000 50112.03381184268765480 0.10000 7 
 fake.rf 1440.00000000 50125.87124384846738678 0.10000 7 
 fake.rf 1440.00000000 50140.23392712788905357 0.10000 7 
 fake.rf 1440.00000000 50153.75308261061826087 0.10000 7 
 fake.rf 1440.00000000 50167.86066340222750526 0.10000 7 
 fake.rf 1440.00000000 50181.66431799010604564 0.10000 7 
 fake.rf 1440.00000000 50195.98582801442190515 0.10000 7 
 fake.rf 1440.00000000 50209.76470742671778780 0.10000 7 
 fake.rf 1440.00000000 50223.62169419765555034 0.10000 7 
 fake.rf 1440.00000000 50237.62149859798192253 0.10000 7 
 fake.rf 1440.00000000 50251.69847232935614301 0.10000 7 
 fake.rf 1440.00000000 50265.82061531353484440 0.10000 7 
 fake.rf 1440.00000000 50279.35599020218267796 0.10000 7 
 fake.rf 1440.00000000 50293.68642239799928007 0.10000 7 
 fake.rf 1440.00000000 50307.57770399114730253 0.10000 7 
 fake.rf 1440.00000000 50321.68514805243955479 0.10000 7 
 fake.rf 1440.00000000 50335.23577834276983012 0.10000 7 
 fake.rf 1440.00000000 50349.71012396054549853 0.10000 7 
 fake.rf 1440.00000000 50363.52082429055540302 0.10000 7 
 fake.rf 1440.00000000 50377.30920711545486057 0.10000 7 
 fake.rf 1440.00000000 50390.99223115195787415 0.10000 7 
 fake.rf 1440.00000000 50405.52211596172368857 0.10000 7 
 fake.rf 1440.00000000 50419.42798887989254908 0.10000 7 
 fake.rf 1440.00000000 50433.44961299224869933 0.10000 7 
 fake.rf 1440.00000000 50446.94003960711979317 0.10000 7 
 fake.rf 1440.00000000 50461.40870734610880533 0.10000 7 
 fake.rf 1440.00000000 50475.21227450609994136 0.10000 7 
 fake.rf 1440.00000000 50489.02709406433359973 0.10000 7 
 fake.rf 1440.00000000 50503.11280849005697036 0.10000 7 
 fake.rf 1440.00000000 50516.97075908859225279 0.10000 7 
 fake.rf 1440.00000000 50530.93791306751350589 0.10000 7 
 fake.rf 1440.00000000 50544.66120116415668662 0.10000 7 
 fake.rf 1440.00000000 50559.06147637979240983 0.10000 7 
 fake.rf 1440.00000000 50572.76287307405911520 0.10000 7 
 fake.rf 1440.00000000 50586.71020945363399690 0.10000 7 
 fake.rf 1440.00000000 50600.58962485717724533 0.10000 7 
 fake.rf 1440.00000000 50614.79956877279086314 0.10000 7 
 fake.rf 1440.00000000 50628.43997458558283142 0.10000 7 
 fake.rf 1440.00000000 50642.80316212883453630 0.10000 7 
 fake.rf 1440.00000000 50656.24165226954488972 0.10000 7 
 fake.rf 1440.00000000 50670.58675520339864917 0.10000 7 
 fake.rf 1440.00000000 50684.39847595153291593 0.10000 7 
 fake.rf 1440.00000000 50698.66400170031632655 0.10000 7 
 fake.rf 1440.00000000 50712.58270557209303675 0.10000 7 
 fake.rf 1440.00000000 50726.09641797923565321 0.10000 7 
 fake.rf 1440.00000000 50740.29145135846392378 0.10000 7 
 fake.rf 1440.00000000 50754.35582536885658556 0.10000 7 
 fake.rf 1440.00000000 50768.12506080577951195 0.10000 7 
 fake.rf 1440.00000000 50782.16599920994640982 0.10000 7 
 fake.rf 1440.00000000 50796.07929956363584623 0.10000 7 
 fake.rf 1440.00000000 50810.34181059419132609 0.10000 7 
 fake.rf 1440.00000000 50824.10399902069199740 0.10000 7 
 fake.rf 1440.00000000 50837.91874369642167508 0.10000 7 
 fake.rf 1440.00000000 50852.12535363814453149 0.10000 7 
 fake.rf 1440.00000000 50865.94739233486809837 0.10000 7 
 fake.rf 1440.00000000 50879.95745632002342518 0.10000 7 
 fake.rf 1440.00000000 50894.00429336668644709 0.10000 7 
 fake.rf 1440.00000000 50907.66812520850336909 0.10000 7 
 fake.rf 1440.00000000 50921.53123495973446566 0.10000 7 
 fake.rf 1440.00000000 50935.70201248874315070 0.10000 7 
 fake.rf 1440.00000000 50949.92868768967687387 0.10000 7 
 fake.rf 1440.00000000 50963.79717739077199568 0.10000 7 
 fake.rf 1440.00000000 50977.72946912473977576 0.10000 7 
 fake.rf 1440.00000000 50991.72797896132907169 0.10000 7 
 fake.rf 1440.00000000 51005.33609140468542620 0.10000 7 
 fake.rf 1440.00000000 51019.25394561626268697 0.10000 7 
 fake.rf 1440.00000000 51033.83676357174042693 0.10000 7 
 fake.rf 1440.00000000 51047.69304593822748473 0.10000 7 
 fake.rf 1440.00000000 51061.28953205892980804 0.10000 7 
 fake.rf 1440.00000000 51075.60709697084403658 0.10000 7 
 fake.rf 1440.00000000 51089.60676219829331757 0.10000 7 
 fake.rf 1440.00000000 51103.58657736744678601 0.10000 7 
 fake.rf 1440.00000000 51117.08742238793972490 0.10000 7 
 fake.rf 1440.00000000 51131.39083941640711473 0.10000 7 
 fake.rf 1440.00000000 51145.32758455929230834 0.10000 7 
 fake.rf 1440.00000000 51159.04703466088872688 0.10000 7 
 fake.rf 1440.00000000 51172.91704443907818955 0.10000 7 
 fake.rf 1440.00000000 51186.95638980855456523 0.10000 7 
 fake.rf 1440.00000000 51201.14996804250942830 0.10000 7 
 fake.rf 1440.00000000 51215.09914228842337280 0.10000 7 
 fake.rf 1440.00000000 51229.09001408321106652 0.10000 7 
 fake.rf 1440.00000000 51242.91766269610123530 0.10000 7 
 fake.rf 1440.00000000 51256.66725147576245192 0.10000 7 
 fake.rf 1440.00000000 51271.17776062118732128 0.10000 7 
 fake.rf 1440.00000000 51284.58357866494914390 0.10000 7 
 fake.rf 1440.00000000 51298.86009874969088074 0.10000 7 
 fake.rf 1440.00000000 51312.75223129634935049 0.10000 7 
 fake.rf 1440.00000000 51326.90977917645888340 0.10000 7 
 fake.rf 1440.00000000 51340.88835723765938468 0.10000 7 
 fake.rf 1440.00000000 51354.68182554952730356 0.10000 7 
 fake.rf 1440.00000000 51368.38171035990590241 0.10000 7 
 fake.rf 1440.00000000 51382.62518970786880246 0.10000 7 
 fake.rf 1440.00000000 51396.32537369500282765 0.10000 7 
 fake.rf 1440.00000000 51410.66244303451275854 0.10000 7 
 fake.rf 1440.00000000 51424.27599158391629430 0.10000 7 
 fake.rf 1440.00000000 51438.28918077027944378 0.10000 7 
 fake.rf 1440.00000000 51452.58233038793395409 0.10000 7 
 fake.rf 1440.00000000 51466.15025629787274397 0.10000 7 
 fake.rf 1440.00000000 51480.05795394532146858 0.10000 7 
 fake.rf 1440.00000000 51493.98581575740424654 0.10000 7 
 fake.rf 1440.00000000 51507.90953258795174108 0.10000 7 
 fake.rf 1440.00000000 51521.85512154752839820 0.10000 7 
 fake.rf 1440.00000000 51536.46769130138771686 0.10000 7 
 fake.rf 1440.00000000 51549.93047914237235574 0.10000 7 
 fake.rf 1440.00000000 51564.21771122888471339 0.10000 7 
 fake.rf 1440.00000000 51578.13858549602414172 0.10000 7 
 fake.rf 1440.00000000 51592.02571623833206971 0.10000 7 
 fake.rf 1440.00000000 51606.22118416023376852 0.10000 7 
 fake.rf 1440.00000000 51620.21962986497138104 0.10000 7 
 fake.rf 1440.00000000 51633.67189820860319927 0.10000 7 
 fake.rf 1440.00000000 51647.85476642008007531 0.10000 7 
 fake.rf 1440.00000000 51661.88230993157615600 0.10000 7 
 fake.rf 1440.00000000 51675.86711975611279613 0.10000 7 
 fake.rf 1440.00000000 51689.83780280941335050 0.10000 7 
 fake.rf 1440.00000000 51703.74741481931821596 0.10000 7 
 fake.rf 1440.00000000 51717.84293543383398983 0.10000 7 
 fake.rf 1440.00000000 51731.46169799035953574 0.10000 7 
 fake.rf 1440.00000000 51745.30166863002838795 0.10000 7 
 fake.rf 1440.00000000 51759.59296312764905679 0.10000 7 
 fake.rf 1440.00000000 51773.22852981839050557 0.10000 7 
 fake.rf 1440.00000000 51787.56686150005759472 0.10000 7 
 fake.rf 1440.00000000 51801.59626687085829033 0.10000 7 
 fake.rf 1440.00000000 51815.51353901390566037 0.10000 7 
 fake.rf 1440.00000000 51829.59028068368684927 0.10000 7 
 fake.rf 1440.00000000 51843.32831486811217303 0.10000 7 
 fake.rf 1440.00000000 51857.56402822792079732 0.10000 7 
 fake.rf 1440.00000000 51871.02551852084156181 0.10000 7 
 fake.rf 1440.00000000 51885.09492847562372475 0.10000 7 
 fake.rf 1440.00000000 51898.93679369910685750 0.10000 7 
 fake.rf 1440.00000000 51913.01087442555650853 0.10000 7 
 fake.rf 1440.00000000 51927.04637218752890604 0.10000 7 
 fake.rf 1440.00000000 51940.85018036630766147 0.10000 7 
 fake.rf 1440.00000000 51954.90807606504557015 0.10000 7 
 fake.rf 1440.00000000 51968.92770301507022523 0.10000 7 
 fake.rf 1440.00000000 51982.89919181162313322 0.10000 7 
 fake.rf 1440.00000000 51996.61587898569036170 0.10000 7 
 fake.rf 1440.00000000 52010.59460630773752143 0.10000 7 
 fake.rf 1440.00000000 52024.49145185370694477 0.10000 7 
 fake.rf 1440.00000000 52038.44183295526653410 0.10000 7 
 fake.rf 1440.00000000 52052.45723206226659130 0.10000 7 
 fake.rf 1440.00000000 52066.51123874983723283 0.10000 7 
 fake.rf 1440.00000000 52080.68271417354614883 0.10000 7 
 fake.rf 1440.00000000 52094.76388276444648895 0.10000 7 
 fake.rf 1440.00000000 52108.84092535269539681 0.10000 7 
 fake.rf 1440.00000000 52122.35464324606469688 0.10000 7 
 fake.rf 1440.00000000 52136.38364995158629611 0.10000 7 
 fake.rf 1440.00000000 52150.59443918340732793 0.10000 7 
 fake.rf 1440.00000000 52164.43181241972226303 0.10000 7 
 fake.rf 1440.00000000 52178.33901579753169386 0.10000 7 
 fake.rf 1440.00000000 52192.21265883419521003 0.10000 7 
 fake.rf 1440.00000000 52206.39049155246466327 0.10000 7 
 fake.rf 1440.00000000 52220.00758599509179447 0.10000 7 
 fake.rf 1440.00000000 52233.94886057345539854 0.10000 7 
 fake.rf 1440.00000000 52248.08219145410514272 0.10000 7 
 fake.rf 1440.00000000 52262.48092024937950484 0.10000 7 
 fake.rf 1440.00000000 52276.19845516295401566 0.10000 7 
 fake.rf 1440.00000000 52289.93905876033096547 0.10000 7 
 fake.rf 1440.00000000 52303.83750400313275719 0.10000 7 
 fake.rf 1440.00000000 52318.32934139223464243 0.10000 7 
 fake.rf 1440.00000000 52331.95003641403400962 0.10000 7 
 fake.rf 1440.00000000 52345.96078840633385809 0.10000 7 
 fake.rf 1440.00000000 52359.85968305060088568 0.10000 7 
 fake.rf 1440.00000000 52373.98907893219258725 0.10000 7 
 fake.rf 1440.00000000 52388.09595267900289883 0.10000 7 
 fake.rf 1440.00000000 52402.05270039536144466 0.10000 7 
 fake.rf 1440.00000000 52415.52514443656718868 0.10000 7 
 fake.rf 1440.00000000 52429.38693134691166975 0.10000 7 
 fake.rf 1440.00000000 52443.36063247459048853 0.10000 7 
 fake.rf 1440.00000000 52457.43481484909154844 0.10000 7 
 fake.rf 1440.00000000 52471.28520894386376483 0.10000 7 
 fake.rf 1440.00000000 52485.31253516176062135 0.10000 7 
 fake.rf 1440.00000000 52499.47895031682704925 0.10000 7 
 fake.rf 1440.00000000 52513.53904596136933236 0.10000 7 
 fake.rf 1440.00000000 52527.68576686179348556 0.10000 7 
 fake.rf 1440.00000000 52541.30078392664713149 0.10000 7 
 fake.rf 1440.00000000 52555.57949015722535435 0.10000 7 
 fake.rf 1440.00000000 52569.12677718333001664 0.10000 7 
 fake.rf 1440.00000000 52582.99080956362975670 0.10000 7 
 fake.rf 1440.00000000 52597.14511515866503188 0.10000 7 
 fake.rf 1440.00000000 52611.30449828857628347 0.10000 7 
 fake.rf 1440.00000000 52625.08039972544461094 0.10000 7 
 fake.rf 1440.00000000 52639.45076411963239238 0.10000 7 
 fake.rf 1440.00000000 52653.26546764860127681 0.10000 7 
 fake.rf 1440.00000000 52667.02086982546132177 0.10000 7 
 fake.rf 1440.00000000 52680.89612449232414093 0.10000 7 
 fake.rf 1440.00000000 52695.14778300437198411 0.10000 7 
 fake.rf 1440.00000000 52708.65894607284986151 0.10000 7 
 fake.rf 1440.00000000 52722.97969706843695548 0.10000 7 
 fake.rf 1440.00000000 52737.16802674044857469 0.10000 7 
 fake.rf 1440.00000000 52750.54258671953055782 0.10000 7 
 fake.rf 1440.00000000 52764.52225878316532004 0.10000 7 
 fake.rf 1440.00000000 52778.75956658784213715 0.10000 7 
 fake.rf 1440.00000000 52792.73791391429508479 0.10000 7 
 fake.rf 1440.00000000 52806.88520791515160369 0.10000 7 
 fake.rf 1440.00000000 52820.60094879605848917 0.10000 7 
 fake.rf 1440.00000000 52834.57426995227836031 0.10000 7 
 fake.rf 1440.00000000 52848.23223406894240384 0.10000 7 
 fake.rf 1440.00000000 52862.51465461191996198 0.10000 7 
 fake.rf 1440.00000000 52876.49990289880176775 0.10000 7 
 fake.rf 1440.00000000 52890.27027545372270367 0.10000 7 
 fake.rf 1440.00000000 52904.44131626192111639 0.10000 7 
 fake.rf 1440.00000000 52918.49211687684563543 0.10000 7 
 fake.rf 1440.00000000 52932.46713053416821637 0.10000 7 
 fake.rf 1440.00000000 52946.06982636994588631 0.10000 7 
 fake.rf 1440.00000000 52960.30557393456740201 0.10000 7 
 fake.rf 1440.00000000 52973.93383078146362664 0.10000 7 
 fake.rf 1440.00000000 52987.85345896565305779 0.10000 7 
 fake.rf 1440.00000000 53002.34138624762608316 0.10000 7 
