FORMAT 1
 fake.rf 1440.00000000 50000.14320556803521001 0.10000 7 
 fake.rf 1440.00000000 50014.25536536805431354 0.10000 7 
 fake.rf 1440.00000000 50028.27423522480281193 0.10000 7 
 fake.rf 1440.00000000 50042.28554471415134230 0.10000 7 
 fake.rf 1440.00000000 50056.13962828217950829 0.10000 7 
 fake.rf 1440.00000000 50070.01142776214830832 0.10000 7 
 fake.rf 1440.00000000 50083.81636547774711588 0.10000 7 
 fake.rf 1440.00000000 50098.25059643114934715 0.10000 7 
 fake.rf 1440.00000000 50111.74561378368593267 0.10000 7 
 fake.rf 1440.00000000 50125.76660730788580622 0.10000 7 
 fake.rf 1440.00000000 50139.89314866734534704 0.10000 7 
 fake.rf 1440.00000000 50153.61472181795494762 0.10000 7 
 fake.rf 1440.00000000 50167.71516802832738691 0.10000 7 
 fake.rf 1440.00000000 50181.85960752797679874 0.10000 7 
 fake.rf 1440.00000000 50195.85671450708672836 0.10000 7 
 fake.rf 1440.00000000 50209.97373412858182107 0.10000 7 
 fake.rf 1440.00000000 50223.63702704540131805 0.10000 7 
 fake.rf 1440.00000000 50237.38810096387312853 0.10000 7 
 fake.rf 1440.00000000 50251.51666778717155282 0.10000 7 
 fake.rf 1440.00000000 50265.54281757897708260 0.10000 7 
 fake.rf 1440.00000000 50279.61453810852777480 0.10000 7 
 fake.rf 1440.00000000 50293.76657929926238566 0.10000 7 
 fake.rf 1440.00000000 50307.60132771232938964 0.10000 7 
 fake.rf 1440.00000000 50321.21564841613356833 0.10000 7 
 fake.rf 1440.00000000 50335.45671624890061580 0.10000 7 
 fake.rf 1440.00000000 50349.30470445025058268 0.10000 7 
 fake.rf 1440.00000000 50363.22661371913420680 0.10000 7 
 fake.rf 1440.00000000 50377.07498851670602136 0.10000 7 
 fake.rf 1440.00000000 50391.25612631948194320 0.10000 7 
 fake.rf 1440.00000000 50405.13588980131795836 0.10000 7 
 fake.rf 1440.00000000 50419.51041799272770660 0.10000 7 
 fake.rf 1440.00000000 50433.26029711750839013 0.10000 7 
 fake.rf 1440.00000000 50447.29044648235182180 0.10000 7 
 fake.rf 1440.00000000 50461.05540390444611987 0.10000 7 
 fake.rf 1440.00000000 50474.85481861123449221 0.10000 7 
 fake.rf 1440.00000000 50488.77727758236952482 0.10000 7 
 fake.rf 1440.00000000 50503.11892724194677839 0.10000 7 
 fake.rf 1440.00000000 50516.76150571814727996 0.10000 7 
 fake.rf 1440.00000000 50531.15642171077546863 0.10000 7 
 fake.rf 1440.00000000 50545.03131479519155889 0.10000 7 
 fake.rf 1440.00000000 50558.73311286691955857 0.10000 7 
 fake.rf 1440.00000000 50572.62612960638716331 0.10000 7 
 fake.rf 1440.00000000 50586.92748859563772257 0.10000 7 
 fake.rf 1440.00000000 50600.76795892159602630 0.10000 7 
 fake.rf 1440.00000000 50614.84364123819488412 0.10000 7 
 fake.rf 1440.00000000 50628.51366658538522358 0.10000 7 
 fake.rf 1440.00000000 50642.50938260536602797 0.10000 7 
 fake.rf 1440.00000000 50656.28658391896766844 0.10000 7 
 fake.rf 1440.00000000 50670.41257592453129277 0.10000 7 
 fake.rf 1440.00000000 50684.57508481661437472 0.10000 7 
 fake.rf 1440.00000000 50698.41666198924399112 0.10000 7 
 fake.rf 1440.00000000 50712.65260059857840957 0.10000 7 
 fake.rf 1440.00000000 50726.33871008963657090 0.10000 7 
 fake.rf 1440.00000000 50740.05326173302972848 0.10000 7 
 fake.rf 1440.00000000 50754.60841378219630826 0.10000 7 
 fake.rf 1440.00000000 50768.57381717274686750 0.10000 7 
 fake.rf 1440.00000000 50782.17458308042093051 0.10000 7 
 fake.rf 1440.00000000 50796.02320380162771229 0.10000 7 
 fake.rf 1440.00000000 50809.87520804213903602 0.10000 7 
 fake.rf 1440.00000000 50824.36200448568149213 0.10000 7 
 fake.rf 1440.00000000 50838.12861476618374112 0.10000 7 
 fake.rf 1440.00000000 50851.72670659209010324 0.10000 7 
 fake.rf 1440.00000000 50866.00160824362072631 0.10000 7 
 fake.rf 1440.00000000 50879.83659394646801033 0.10000 7 
 fake.rf 1440.00000000 50893.90453594180994656 0.10000 7 
 fake.rf 1440.00000000 50908.01707834954501664 0.10000 7 
 fake.rf 1440.00000000 50921.81274908092910536 0.10000 7 
 fake.rf 1440.00000000 50935.59390014130008595 0.10000 7 
 fake.rf 1440.00000000 50950.05391376464707065 0.10000 7 
 fake.rf 1440.00000000 50963.61605989454091770 0.10000 7 
 fake.rf 1440.00000000 50977.97699676813432035 0.10000 7 
 fake.rf 1440.00000000 50991.51036786087711050 0.10000 7 
 fake.rf 1440.00000000 51005.67042346783881612 0.10000 7 
 fake.rf 1440.00000000 51019.70427871276314846 0.10000 7 
 fake.rf 1440.00000000 51033.78301289421758824 0.10000 7 
 fake.rf 1440.00000000 51047.39031020292620155 0.10000 7 
 fake.rf 1440.00000000 51061.13241687534807767 0.10000 7 
 fake.rf 1440.00000000 51075.24509312825594876 0.10000 7 
 fake.rf 1440.00000000 51089.33448447622057742 0.10000 7 
 fake.rf 1440.00000000 51103.24080921966767832 0.10000 7 
 fake.rf 1440.00000000 51117.55422045769388362 0.10000 7 
 fake.rf 1440.00000000 51131.52341503246565324 0.10000 7 
 fake.rf 1440.00000000 51145.03723779099671631 0.10000 7 
 fake.rf 1440.00000000 51159.07498455745195187 0.10000 7 
 fake.rf 1440.00000000 51173.46362351733645824 0.10000 7 
 fake.rf 1440.00000000 51186.90415774080461730 0.10000 7 
 fake.rf 1440.00000000 51200.94553396006054058 0.10000 7 
 fake.rf 1440.00000000 51214.97316488552639058 0.10000 7 
 fake.rf 1440.00000000 51228.96721255075143020 0.10000 7 
 fake.rf 1440.00000000 51242.89881909010789229 0.10000 7 
 fake.rf 1440.00000000 51256.78480586836861477 0.10000 7 
 fake.rf 1440.00000000 51270.58368988260433952 0.10000 7 
 fake.rf 1440.00000000 51284.81828099666230969 0.10000 7 
 fake.rf 1440.00000000 51299.01739548460722062 0.10000 7 
 fake.rf 1440.00000000 51312.68949125140322565 0.10000 7 
 fake.rf 1440.00000000 51327.03025041040791265 0.10000 7 
 fake.rf 1440.00000000 51340.71346672801023203 0.10000 7 
 fake.rf 1440.00000000 51354.88612597347392708 0.10000 7 
 fake.rf 1440.00000000 51368.37959558751533606 0.10000 7 
 fake.rf 1440.00000000 51382.56105157548945783 0.10000 7 
 fake.rf 1440.00000000 51396.33408302973369430 0.10000 7 
 fake.rf 1440.00000000 51410.22671558203520803 0.10000 7 
 fake.rf 1440.00000000 51424.64643541370368851 0.10000 7 
 fake.rf 1440.00000000 51438.61774851480779347 0.10000 7 
 fake.rf 1440.00000000 51452.58246239376947173 0.10000 7 
 fake.rf 1440.00000000 51466.45247579321500098 0.10000 7 
 fake.rf 1440.00000000 51480.06931228516005916 0.10000 7 
 fake.rf 1440.00000000 51494.48102554260988839 0.10000 7 
 fake.rf 1440.00000000 51508.50194128738490917 0.10000 7 
 fake.rf 1440.00000000 51522.24639519123460829 0.10000 7 
 fake.rf 1440.00000000 51535.93599258363034465 0.10000 7 
 fake.rf 1440.00000000 51550.30854562808254471 0.10000 7 
 fake.rf 1440.00000000 51564.06042017102991082 0.10000 7 
 fake.rf 1440.00000000 51577.96873306010922278 0.10000 7 
 fake.rf 1440.00000000 51591.75059227291238884 0.10000 7 
 fake.rf 1440.00000000 51605.92933184793150048 0.10000 7 
 fake.rf 1440.00000000 51619.98307169492558089 0.10000 7 
 fake.rf 1440.00000000 51633.84453320074844385 0.10000 7 
 fake.rf 1440.00000000 51648.08912975093909026 0.10000 7 
 fake.rf 1440.00000000 51661.50847666690884097 0.10000 7 
 fake.rf 1440.00000000 51676.00643745549092856 0.10000 7 
 fake.rf 1440.00000000 51689.50858018811483774 0.10000 7 
 fake.rf 1440.00000000 51703.43170385652767251 0.10000 7 
 fake.rf 1440.00000000 51717.53581512723694402 0.10000 7 
 fake.rf 1440.00000000 51731.94196508972337867 0.10000 7 
 fake.rf 1440.00000000 51745.57541059032020314 0.10000 7 
 fake.rf 1440.00000000 51759.39184042389207363 0.10000 7 
 fake.rf 1440.00000000 51773.51943276499698854 0.10000 7 
 fake.rf 1440.00000000 51787.36376358693616950 0.10000 7 
 fake.rf 1440.00000000 51801.37855577106673977 0.10000 7 
 fake.rf 1440.00000000 51815.05916351325647184 0.10000 7 
 fake.rf 1440.00000000 51829.38141849901442981 0.10000 7 
 fake.rf 1440.00000000 51843.32706930091570641 0.10000 7 
 fake.rf 1440.00000000 51857.46562293756878503 0.10000 7 
 fake.rf 1440.00000000 51871.13075043749716997 0.10000 7 
 fake.rf 1440.00000000 51885.07934117355376813 0.10000 7 
 fake.rf 1440.00000000 51899.12613427447579539 0.10000 7 
 fake.rf 1440.00000000 51913.11299099985302163 0.10000 7 
 fake.rf 1440.00000000 51926.84485440918374977 0.10000 7 
 fake.rf 1440.00000000 51940.95078931765622698 0.10000 7 
 fake.rf 1440.00000000 51954.72032600280046566 0.10000 7 
 fake.rf 1440.00000000 51968.84667954537480838 0.10000 7 
 fake.rf 1440.00000000 51982.69672690049833719 0.10000 7 
 fake.rf 1440.00000000 51996.92303086625913977 0.10000 7 
 fake.rf 1440.00000000 52010.99592337357985983 0.10000 7 
 fake.rf 1440.00000000 52024.66605599409732719 0.10000 7 
 fake.rf 1440.00000000 52039.10932559682322918 0.10000 7 
 fake.rf 1440.00000000 52052.60751735478365987 0.10000 7 
 fake.rf 1440.00000000 52066.84400419978296881 0.10000 7 
 fake.rf 1440.00000000 52080.90342975973752715 0.10000 7 
 fake.rf 1440.00000000 52094.52586118077552868 0.10000 7 
 fake.rf 1440.00000000 52108.63186819817338247 0.10000 7 
 fake.rf 1440.00000000 52122.23166257165876658 0.10000 7 
 fake.rf 1440.00000000 52136.48211037300908899 0.10000 7 
 fake.rf 1440.00000000 52150.73045473439803033 0.10000 7 
 fake.rf 1440.00000000 52164.10795848277166087 0.10000 7 
 fake.rf 1440.00000000 52178.69674451361094469 0.10000 7 
 fake.rf 1440.00000000 52192.13307811301864092 0.10000 7 
 fake.rf 1440.00000000 52206.34306693132487354 0.10000 7 
 fake.rf 1440.00000000 52220.14774319031631933 0.10000 7 
 fake.rf 1440.00000000 52234.30376170973937988 0.10000 7 
 fake.rf 1440.00000000 52248.23258431761209764 0.10000 7 
 fake.rf 1440.00000000 52262.39774163329475343 0.10000 7 
 fake.rf 1440.00000000 52275.87097035790501565 0.10000 7 
 fake.rf 1440.00000000 52289.97657267865081465 0.10000 7 
 fake.rf 1440.00000000 52303.84508353971245143 0.10000 7 
 fake.rf 1440.00000000 52317.97179573594617352 0.10000 7 
 fake.rf 1440.00000000 52332.16241723155427934 0.10000 7 
 fake.rf 1440.00000000 52346.05601089009684301 0.10000 7 
 fake.rf 1440.00000000 52359.95281255597422998 0.10000 7 
 fake.rf 1440.00000000 52373.62092836781604532 0.10000 7 
 fake.rf 1440.00000000 52387.98895144566714421 0.10000 7 
 fake.rf 1440.00000000 52402.05033272039575465 0.10000 7 
 fake.rf 1440.00000000 52415.60672195114659644 0.10000 7 
 fake.rf 1440.00000000 52429.57260838615363951 0.10000 7 
 fake.rf 1440.00000000 52443.74510823225238809 0.10000 7 
 fake.rf 1440.00000000 52457.67652281887978205 0.10000 7 
 fake.rf 1440.00000000 52471.45723827061975797 0.10000 7 
 fake.rf 1440.00000000 52485.83282260112194706 0.10000 7 
 fake.rf 1440.00000000 52499.37228342782782420 0.10000 7 
 fake.rf 1440.00000000 52513.25065050648199616 0.10000 7 
 fake.rf 1440.00000000 52527.28689233205674469 0.10000 7 
 fake.rf 1440.00000000 52541.63725291432967524 0.10000 7 
 fake.rf 1440.00000000 52555.15364042857759230 0.10000 7 
 fake.rf 1440.00000000 52569.47855611843828072 0.10000 7 
 fake.rf 1440.00000000 52583.44882046357668059 0.10000 7 
 fake.rf 1440.00000000 52597.04760445775613320 0.10000 7 
 fake.rf 1440.00000000 52611.33286557483126700 0.10000 7 
 fake.rf 1440.00000000 52625.44435626046029242 0.10000 7 
 fake.rf 1440.00000000 52639.29135513274088609 0.10000 7 
 fake.rf 1440.00000000 52653.41951857239921608 0.10000 7 
 fake.rf 1440.00000000 52667.05858716457288438 0.10000 7 
 fake.rf 1440.00000000 52680.87263472125171049 0.10000 7 
 fake.rf 1440.00000000 52695.20418155429073792 0.10000 7 
 fake.rf 1440.00000000 52709.02137159552296097 0.10000 7 
 fake.rf 1440.00000000 52722.97924754962102156 0.10000 7 
 fake.rf 1440.00000000 52736.55086462772298717 0.10000 7 
 fake.rf 1440.00000000 52750.53299295185603057 0.10000 7 
 fake.rf 1440.00000000 52764.71971646042647563 0.10000 7 
 fake.rf 1440.00000000 52778.88981995187742413 0.10000 7 
 fake.rf 1440.00000000 52792.80697599389988284 0.10000 7 
 fake.rf 1440.00000000 52806.70004137360176344 0.10000 7 
 fake.rf 1440.00000000 52820.60972733540818069 0.10000 7 
 fake.rf 1440.00000000 52834.62649071132063838 0.10000 7 
 fake.rf 1440.00000000 52848.78083805511446869 0.10000 7 
 fake.rf 1440.00000000 52862.69463653616196552 0.10000 7 
 fake.rf 1440.00000000 52876.25545917085952752 0.10000 7 
 fake.rf 1440.00000000 52890.37944715217661340 0.10000 7 
 fake.rf 1440.00000000 52904.11218714515926465 0.10000 7 
 fake.rf 1440.00000000 52918.08682017580857959 0.10000 7 
 fake.rf 1440.00000000 52932.45516172168877489 0.10000 7 
 fake.rf 1440.00000000 52946.10449486590986012 0.10000 7 
 fake.rf 1440.00000000 52960.15359577069555286 0.10000 7 
 fake.rf 1440.00000000 52974.24385730250266135 0.10000 7 
 fake.rf 1440.00000000 52988.11447070880571175 0.10000 7 
 fake.rf 1440.00000000 53001.86004669894303731 0.10000 7 
