FORMAT 1
 fake.rf 1440.00000000 50000.22661646200045027 0.10000 7 
 fake.rf 1440.00000000 50014.40090660572406733 0.10000 7 
 fake.rf 1440.00000000 50028.46996975404664809 0.10000 7 
 fake.rf 1440.00000000 50042.05177181450986268 0.10000 7 
 fake.rf 1440.00000000 50056.11128684070644468 0.10000 7 
 fake.rf 1440.00000000 50070.34673955339120255 0.10000 7 
 fake.rf 1440.00000000 50084.27250290887928585 0.10000 7 
 fake.rf 1440.00000000 50098.18429159796112060 0.10000 7 
 fake.rf 1440.00000000 50112.12285053955888259 0.10000 7 
 fake.rf 1440.00000000 50125.90403000101408892 0.10000 7 
 fake.rf 1440.00000000 50139.81192066475382063 0.10000 7 
 fake.rf 1440.00000000 50154.02698939662106881 0.10000 7 
 fake.rf 1440.00000000 50167.82852326978209945 0.10000 7 
 fake.rf 1440.00000000 50181.96136355972781473 0.10000 7 
 fake.rf 1440.00000000 50195.71809518800721150 0.10000 7 
 fake.rf 1440.00000000 50209.47501113391165006 0.10000 7 
 fake.rf 1440.00000000 50223.53914287015664542 0.10000 7 
 fake.rf 1440.00000000 50237.91045317798851144 0.10000 7 
 fake.rf 1440.00000000 50251.72235855794166071 0.10000 7 
 fake.rf 1440.00000000 50265.31239708024563839 0.10000 7 
 fake.rf 1440.00000000 50279.63573192406905576 0.10000 7 
 fake.rf 1440.00000000 50293.71335271828229807 0.10000 7 
 fake.rf 1440.00000000 50307.46560523731530523 0.10000 7 
 fake.rf 1440.00000000 50321.55990613817605350 0.10000 7 
 fake.rf 1440.00000000 50335.65038599689954069 0.10000 7 
 fake.rf 1440.00000000 50349.14253950464498999 0.10000 7 
 fake.rf 1440.00000000 50363.59106628029675790 0.10000 7 
 fake.rf 1440.00000000 50377.10220645854919752 0.10000 7 
 fake.rf 1440.00000000 50391.38951420890392185 0.10000 7 
 fake.rf 1440.00000000 50405.08021378890257225 0.10000 7 
 fake.rf 1440.00000000 50419.04182270135187238 0.10000 7 
 fake.rf 1440.00000000 50433.46610842137275554 0.10000 7 
 fake.rf 1440.00000000 50447.36932421551524541 0.10000 7 
 fake.rf 1440.00000000 50461.43822236147408233 0.10000 7 
 fake.rf 1440.00000000 50474.81586949926381891 0.10000 7 
 fake.rf 1440.00000000 50488.81682648341154618 0.10000 7 
 fake.rf 1440.00000000 50503.15940338858677094 0.10000 7 
 fake.rf 1440.00000000 50517.16770658855049092 0.10000 7 
 fake.rf 1440.00000000 50531.11867829273780828 0.10000 7 
 fake.rf 1440.00000000 50544.77137351111269936 0.10000 7 
 fake.rf 1440.00000000 50558.59908223774077030 0.10000 7 
 fake.rf 1440.00000000 50572.49617075229904017 0.10000 7 
 fake.rf 1440.00000000 50587.06882744979585453 0.10000 7 
 fake.rf 1440.00000000 50600.73629613563849716 0.10000 7 
 fake.rf 1440.00000000 50614.80445096497006574 0.10000 7 
 fake.rf 1440.00000000 50628.50539864542135859 0.10000 7 
 fake.rf 1440.00000000 50642.63467603337734246 0.10000 7 
 fake.rf 1440.00000000 50656.80518868329709647 0.10000 7 
 fake.rf 1440.00000000 50670.24900610226093534 0.10000 7 
 fake.rf 1440.00000000 50684.22841488199833293 0.10000 7 
 fake.rf 1440.00000000 50698.69385875334943137 0.10000 7 
 fake.rf 1440.00000000 50712.49923708874714379 0.10000 7 
 fake.rf 1440.00000000 50726.59449277544338841 0.10000 7 
 fake.rf 1440.00000000 50740.18374860223016398 0.10000 7 
 fake.rf 1440.00000000 50754.12165389797241843 0.10000 7 
 fake.rf 1440.00000000 50768.34561548057535418 0.10000 7 
 fake.rf 1440.00000000 50782.13191747912498997 0.10000 7 
 fake.rf 1440.00000000 50795.88990905949686550 0.10000 7 
 fake.rf 1440.00000000 50810.32990345164857615 0.10000 7 
 fake.rf 1440.00000000 50824.44173930993026644 0.10000 7 
 fake.rf 1440.00000000 50837.92865650244903364 0.10000 7 
 fake.rf 1440.00000000 50852.36848594342064445 0.10000 7 
 fake.rf 1440.00000000 50866.27616689196988986 0.10000 7 
 fake.rf 1440.00000000 50879.70452597940629857 0.10000 7 
 fake.rf 1440.00000000 50894.25147961404186248 0.10000 7 
 fake.rf 1440.00000000 50907.57503372557024690 0.10000 7 
 fake.rf 1440.00000000 50921.70924261580605830 0.10000 7 
 fake.rf 1440.00000000 50935.97033246687689001 0.10000 7 
 fake.rf 1440.00000000 50950.00708256002571872 0.10000 7 
 fake.rf 1440.00000000 50963.46382251661677998 0.10000 7 
 fake.rf 1440.00000000 50977.41583365619059265 0.10000 7 
 fake.rf 1440.00000000 50991.98518523358229970 0.10000 7 
 fake.rf 1440.00000000 51005.37723986468059678 0.10000 7 
 fake.rf 1440.00000000 51019.27346700490893028 0.10000 7 
 fake.rf 1440.00000000 51033.54851333626950094 0.10000 7 
 fake.rf 1440.00000000 51047.71361554531961602 0.10000 7 
 fake.rf 1440.00000000 51061.34901646451045210 0.10000 7 
 fake.rf 1440.00000000 51075.12489946383423955 0.10000 7 
 fake.rf 1440.00000000 51089.49874040423951627 0.10000 7 
 fake.rf 1440.00000000 51103.28285149189688141 0.10000 7 
 fake.rf 1440.00000000 51117.07636944348669061 0.10000 7 
 fake.rf 1440.00000000 51131.28721365589611736 0.10000 7 
 fake.rf 1440.00000000 51144.91492905382485290 0.10000 7 
 fake.rf 1440.00000000 51159.50859535495685293 0.10000 7 
 fake.rf 1440.00000000 51173.34692155741199926 0.10000 7 
 fake.rf 1440.00000000 51186.95076837331702535 0.10000 7 
 fake.rf 1440.00000000 51201.13995557851831464 0.10000 7 
 fake.rf 1440.00000000 51214.80280983957435836 0.10000 7 
 fake.rf 1440.00000000 51228.86954096048821228 0.10000 7 
 fake.rf 1440.00000000 51242.87028200545784529 0.10000 7 
 fake.rf 1440.00000000 51256.68319812951230574 0.10000 7 
 fake.rf 1440.00000000 51270.94173920129675182 0.10000 7 
 fake.rf 1440.00000000 51284.75386911205770346 0.10000 7 
 fake.rf 1440.00000000 51298.51269224557752224 0.10000 7 
 fake.rf 1440.00000000 51312.90448519604037614 0.10000 7 
 fake.rf 1440.00000000 51326.63512807254763004 0.10000 7 
 fake.rf 1440.00000000 51340.42239808960020042 0.10000 7 
 fake.rf 1440.00000000 51354.98662592560886964 0.10000 7 
 fake.rf 1440.00000000 51368.34991810308953575 0.10000 7 
 fake.rf 1440.00000000 51382.87883091924616252 0.10000 7 
 fake.rf 1440.00000000 51396.27135820058553861 0.10000 7 
 fake.rf 1440.00000000 51410.29155417976929954 0.10000 7 
 fake.rf 1440.00000000 51424.76137801794212123 0.10000 7 
 fake.rf 1440.00000000 51438.25085260949584409 0.10000 7 
 fake.rf 1440.00000000 51452.20550179787919021 0.10000 7 
 fake.rf 1440.00000000 51466.32193138143464495 0.10000 7 
 fake.rf 1440.00000000 51480.01473419006412868 0.10000 7 
 fake.rf 1440.00000000 51494.30967712780027767 0.10000 7 
 fake.rf 1440.00000000 51508.24021574626483755 0.10000 7 
 fake.rf 1440.00000000 51522.34508560288997714 0.10000 7 
 fake.rf 1440.00000000 51536.46236563697893374 0.10000 7 
 fake.rf 1440.00000000 51550.22464825573138825 0.10000 7 
 fake.rf 1440.00000000 51563.91192170784210802 0.10000 7 
 fake.rf 1440.00000000 51578.36180991792370065 0.10000 7 
 fake.rf 1440.00000000 51592.08931830814985631 0.10000 7 
 fake.rf 1440.00000000 51605.65314394230282247 0.10000 7 
 fake.rf 1440.00000000 51619.74510501401922014 0.10000 7 
 fake.rf 1440.00000000 51633.70002668007211355 0.10000 7 
 fake.rf 1440.00000000 51647.63159932686291498 0.10000 7 
 fake.rf 1440.00000000 51661.82851761890106346 0.10000 7 
 fake.rf 1440.00000000 51675.82240644123611517 0.10000 7 
 fake.rf 1440.00000000 51689.60512125232772362 0.10000 7 
 fake.rf 1440.00000000 51703.43213998676872123 0.10000 7 
 fake.rf 1440.00000000 51717.94305144649781170 0.10000 7 
 fake.rf 1440.00000000 51731.52281549710511754 0.10000 7 
 fake.rf 1440.00000000 51745.77985322537816160 0.10000 7 
 fake.rf 1440.00000000 51759.39296694954936839 0.10000 7 
 fake.rf 1440.00000000 51773.46489376136218041 0.10000 7 
 fake.rf 1440.00000000 51787.65771874895852989 0.10000 7 
 fake.rf 1440.00000000 51801.33901732349221092 0.10000 7 
 fake.rf 1440.00000000 51815.31141634319400779 0.10000 7 
 fake.rf 1440.00000000 51829.60166136791950819 0.10000 7 
 fake.rf 1440.00000000 51843.34138198981697698 0.10000 7 
 fake.rf 1440.00000000 51857.15516427604714167 0.10000 7 
 fake.rf 1440.00000000 51870.97310988047446401 0.10000 7 
 fake.rf 1440.00000000 51885.37237245178826939 0.10000 7 
 fake.rf 1440.00000000 51899.34081044875354038 0.10000 7 
 fake.rf 1440.00000000 51912.88978492068029524 0.10000 7 
 fake.rf 1440.00000000 51926.95554983093453671 0.10000 7 
 fake.rf 1440.00000000 51940.89275252843714625 0.10000 7 
 fake.rf 1440.00000000 51955.25148955087855640 0.10000 7 
 fake.rf 1440.00000000 51968.80609383615934505 0.10000 7 
 fake.rf 1440.00000000 51983.21047194495299237 0.10000 7 
 fake.rf 1440.00000000 51996.62804184817455422 0.10000 7 
 fake.rf 1440.00000000 52010.67076034442682442 0.10000 7 
 fake.rf 1440.00000000 52024.84087292513718737 0.10000 7 
 fake.rf 1440.00000000 52038.52716119810224882 0.10000 7 
 fake.rf 1440.00000000 52052.70006690529914906 0.10000 7 
 fake.rf 1440.00000000 52066.86332713660203453 0.10000 7 
 fake.rf 1440.00000000 52080.51941414006218523 0.10000 7 
 fake.rf 1440.00000000 52094.92746414721334602 0.10000 7 
 fake.rf 1440.00000000 52108.45617265336584722 0.10000 7 
 fake.rf 1440.00000000 52122.59986728642043374 0.10000 7 
 fake.rf 1440.00000000 52136.20649539233549064 0.10000 7 
 fake.rf 1440.00000000 52150.28434136888271766 0.10000 7 
 fake.rf 1440.00000000 52164.71269274916605596 0.10000 7 
 fake.rf 1440.00000000 52178.61458467774975034 0.10000 7 
 fake.rf 1440.00000000 52192.34377041996794233 0.10000 7 
 fake.rf 1440.00000000 52206.21560804643122822 0.10000 7 
 fake.rf 1440.00000000 52220.34855104151717242 0.10000 7 
 fake.rf 1440.00000000 52234.46392807892499377 0.10000 7 
 fake.rf 1440.00000000 52248.34639081846419018 0.10000 7 
 fake.rf 1440.00000000 52262.14113816763246234 0.10000 7 
 fake.rf 1440.00000000 52276.03446193297832778 0.10000 7 
 fake.rf 1440.00000000 52289.76893307937701039 0.10000 7 
 fake.rf 1440.00000000 52304.08651880918233346 0.10000 7 
 fake.rf 1440.00000000 52317.75066452802374428 0.10000 7 
 fake.rf 1440.00000000 52332.15846630792229632 0.10000 7 
 fake.rf 1440.00000000 52346.06325256130725876 0.10000 7 
 fake.rf 1440.00000000 52359.83138925149807363 0.10000 7 
 fake.rf 1440.00000000 52373.54795319513702267 0.10000 7 
 fake.rf 1440.00000000 52387.84970251289414023 0.10000 7 
 fake.rf 1440.00000000 52401.87733627937956626 0.10000 7 
 fake.rf 1440.00000000 52416.03650433663056774 0.10000 7 
 fake.rf 1440.00000000 52429.79404963798348405 0.10000 7 
 fake.rf 1440.00000000 52443.90262795321986644 0.10000 7 
 fake.rf 1440.00000000 52457.60346793667510923 0.10000 7 
 fake.rf 1440.00000000 52471.75219434552347053 0.10000 7 
 fake.rf 1440.00000000 52485.40523778265527355 0.10000 7 
 fake.rf 1440.00000000 52499.30756407019944021 0.10000 7 
 fake.rf 1440.00000000 52513.81727018180180622 0.10000 7 
 fake.rf 1440.00000000 52527.24992302014005574 0.10000 7 
 fake.rf 1440.00000000 52541.38585052732013736 0.10000 7 
 fake.rf 1440.00000000 52555.41081066345815387 0.10000 7 
 fake.rf 1440.00000000 52569.15498436160232032 0.10000 7 
 fake.rf 1440.00000000 52583.40698395763197581 0.10000 7 
 fake.rf 1440.00000000 52597.23185478062365306 0.10000 7 
 fake.rf 1440.00000000 52610.91614650840970668 0.10000 7 
 fake.rf 1440.00000000 52624.93555789966185898 0.10000 7 
 fake.rf 1440.00000000 52639.33715911022379785 0.10000 7 
 fake.rf 1440.00000000 52653.19261992657897764 0.10000 7 
 fake.rf 1440.00000000 52667.36563441316923928 0.10000 7 
 fake.rf 1440.00000000 52681.02125776502733956 0.10000 7 
 fake.rf 1440.00000000 52694.70969200374269192 0.10000 7 
 fake.rf 1440.00000000 52708.81425631612893667 0.10000 7 
 fake.rf 1440.00000000 52722.90924352687842003 0.10000 7 
 fake.rf 1440.00000000 52736.95348951671899584 0.10000 7 
 fake.rf 1440.00000000 52750.76042568854280645 0.10000 7 
 fake.rf 1440.00000000 52764.63477406124334479 0.10000 7 
 fake.rf 1440.00000000 52778.62203236825789432 0.10000 7 
 fake.rf 1440.00000000 52792.90199792289671166 0.10000 7 
 fake.rf 1440.00000000 52806.53113635700271900 0.10000 7 
 fake.rf 1440.00000000 52820.85837008515732904 0.10000 7 
 fake.rf 1440.00000000 52834.53752877299100987 0.10000 7 
 fake.rf 1440.00000000 52848.36406130699818107 0.10000 7 
 fake.rf 1440.00000000 52862.48706640958463865 0.10000 7 
 fake.rf 1440.00000000 52876.31302948556035304 0.10000 7 
 fake.rf 1440.00000000 52890.54529469561600408 0.10000 7 
 fake.rf 1440.00000000 52904.18858557518268526 0.10000 7 
 fake.rf 1440.00000000 52918.37248484059915654 0.10000 7 
 fake.rf 1440.00000000 52932.54530242542493568 0.10000 7 
 fake.rf 1440.00000000 52946.06985883783808688 0.10000 7 
 fake.rf 1440.00000000 52960.39130365506295206 0.10000 7 
 fake.rf 1440.00000000 52974.07160821608120571 0.10000 7 
 fake.rf 1440.00000000 52988.32601746407884491 0.10000 7 
 fake.rf 1440.00000000 53002.42986202020444608 0.10000 7 
