FORMAT 1
 fake.rf 1440.00000000 50000.67393638624402286 0.10000 7 
 fake.rf 1440.00000000 50014.12477592021072326 0.10000 7 
 fake.rf 1440.00000000 50028.61780493551643545 0.10000 7 
 fake.rf 1440.00000000 50041.97930591019449054 0.10000 7 
 fake.rf 1440.00000000 50056.53663936480015195 0.10000 7 
 fake.rf 1440.00000000 50070.25668857990199356 0.10000 7 
 fake.rf 1440.00000000 50083.82943015952340815 0.10000 7 
 fake.rf 1440.00000000 50098.08061303095642458 0.10000 7 
 fake.rf 1440.00000000 50112.19398917351598399 0.10000 7 
 fake.rf 1440.00000000 50125.90952120591439467 0.10000 7 
 fake.rf 1440.00000000 50140.29391731887220374 0.10000 7 
 fake.rf 1440.00000000 50153.82309881673315743 0.10000 7 
 fake.rf 1440.00000000 50168.05045973954797489 0.10000 7 
 fake.rf 1440.00000000 50181.68076368719120950 0.10000 7 
 fake.rf 1440.00000000 50195.90209621256281380 0.10000 7 
 fake.rf 1440.00000000 50209.78098210947024427 0.10000 7 
 fake.rf 1440.00000000 50223.74531715662994458 0.10000 7 
 fake.rf 1440.00000000 50237.66544282164151269 0.10000 7 
 fake.rf 1440.00000000 50251.92838012803656866 0.10000 7 
 fake.rf 1440.00000000 50265.75747378323488235 0.10000 7 
 fake.rf 1440.00000000 50279.83883060470756377 0.10000 7 
 fake.rf 1440.00000000 50293.29929041700221859 0.10000 7 
 fake.rf 1440.00000000 50307.39887540019139323 0.10000 7 
 fake.rf 1440.00000000 50321.82841583504920280 0.10000 7 
 fake.rf 1440.00000000 50335.51100096161656694 0.10000 7 
 fake.rf 1440.00000000 50349.15496292320967342 0.10000 7 
 fake.rf 1440.00000000 50363.14728583129878103 0.10000 7 
 fake.rf 1440.00000000 50377.18954184999601509 0.10000 7 
 fake.rf 1440.00000000 50391.21870105389636407 0.10000 7 
 fake.rf 1440.00000000 50405.50365928103285640 0.10000 7 
 fake.rf 1440.00000000 50419.02131931419705424 0.10000 7 
 fake.rf 1440.00000000 50433.05923473766167930 0.10000 7 
 fake.rf 1440.00000000 50446.83325853530173788 0.10000 7 
 fake.rf 1440.00000000 50460.88217370063217970 0.10000 7 
 fake.rf 1440.00000000 50474.98648283232931888 0.10000 7 
 fake.rf 1440.00000000 50489.35606613569824219 0.10000 7 
 fake.rf 1440.00000000 50503.16325657163444518 0.10000 7 
 fake.rf 1440.00000000 50516.87853338678190696 0.10000 7 
 fake.rf 1440.00000000 50530.87085890712922520 0.10000 7 
 fake.rf 1440.00000000 50544.82965155045895145 0.10000 7 
 fake.rf 1440.00000000 50558.96535312561205444 0.10000 7 
 fake.rf 1440.00000000 50572.71363418590899741 0.10000 7 
 fake.rf 1440.00000000 50586.90650106469119152 0.10000 7 
 fake.rf 1440.00000000 50600.64112295901434280 0.10000 7 
 fake.rf 1440.00000000 50614.72460065619342373 0.10000 7 
 fake.rf 1440.00000000 50628.51035951220675813 0.10000 7 
 fake.rf 1440.00000000 50642.82875998677908669 0.10000 7 
 fake.rf 1440.00000000 50656.91479886667517718 0.10000 7 
 fake.rf 1440.00000000 50670.65890941439219120 0.10000 7 
 fake.rf 1440.00000000 50684.61180664030198884 0.10000 7 
 fake.rf 1440.00000000 50698.56516522430887406 0.10000 7 
 fake.rf 1440.00000000 50712.42885867100804376 0.10000 7 
 fake.rf 1440.00000000 50726.54710843970898182 0.10000 7 
 fake.rf 1440.00000000 50740.63827803494956115 0.10000 7 
 fake.rf 1440.00000000 50754.30307134802126967 0.10000 7 
 fake.rf 1440.00000000 50768.14213226533122025 0.10000 7 
 fake.rf 1440.00000000 50781.91548991564584270 0.10000 7 
 fake.rf 1440.00000000 50796.27749883663497954 0.10000 7 
 fake.rf 1440.00000000 50810.19704190149060707 0.10000 7 
 fake.rf 1440.00000000 50824.03778481361766950 0.10000 7 
 fake.rf 1440.00000000 50838.05631129462614126 0.10000 7 
 fake.rf 1440.00000000 50852.19840716590119811 0.10000 7 
 fake.rf 1440.00000000 50866.11529157206482665 0.10000 7 
 fake.rf 1440.00000000 50879.94606791188274286 0.10000 7 
 fake.rf 1440.00000000 50894.17530502577542961 0.10000 7 
 fake.rf 1440.00000000 50907.56805796893570815 0.10000 7 
 fake.rf 1440.00000000 50921.80664367837080064 0.10000 7 
 fake.rf 1440.00000000 50935.88129727830871118 0.10000 7 
 fake.rf 1440.00000000 50949.69421977489413322 0.10000 7 
 fake.rf 1440.00000000 50963.96335704414262580 0.10000 7 
 fake.rf 1440.00000000 50978.03502940433789448 0.10000 7 
 fake.rf 1440.00000000 50991.35521284572348932 0.10000 7 
 fake.rf 1440.00000000 51005.41085725942377493 0.10000 7 
 fake.rf 1440.00000000 51019.71362257460617329 0.10000 7 
 fake.rf 1440.00000000 51033.47332063274529546 0.10000 7 
 fake.rf 1440.00000000 51047.65066879029111746 0.10000 7 
 fake.rf 1440.00000000 51061.77741901907619493 0.10000 7 
 fake.rf 1440.00000000 51075.22707699350531030 0.10000 7 
 fake.rf 1440.00000000 51089.52869009541674217 0.10000 7 
 fake.rf 1440.00000000 51103.43777694792500554 0.10000 7 
 fake.rf 1440.00000000 51117.54522484466097865 0.10000 7 
 fake.rf 1440.00000000 51131.17175594154084450 0.10000 7 
 fake.rf 1440.00000000 51144.98276230571607215 0.10000 7 
 fake.rf 1440.00000000 51159.24668602654905669 0.10000 7 
 fake.rf 1440.00000000 51173.00261277381573066 0.10000 7 
 fake.rf 1440.00000000 51187.18330517400047341 0.10000 7 
 fake.rf 1440.00000000 51201.32451590086241922 0.10000 7 
 fake.rf 1440.00000000 51214.89202642713522451 0.10000 7 
 fake.rf 1440.00000000 51228.80628710780804980 0.10000 7 
 fake.rf 1440.00000000 51242.90526697476061457 0.10000 7 
 fake.rf 1440.00000000 51257.01841309969650951 0.10000 7 
 fake.rf 1440.00000000 51270.98942637085765028 0.10000 7 
 fake.rf 1440.00000000 51284.60206149613278015 0.10000 7 
 fake.rf 1440.00000000 51298.67031811562949883 0.10000 7 
 fake.rf 1440.00000000 51312.51033380653014504 0.10000 7 
 fake.rf 1440.00000000 51327.05709870589251764 0.10000 7 
 fake.rf 1440.00000000 51340.55633437272888742 0.10000 7 
 fake.rf 1440.00000000 51354.67316180881934784 0.10000 7 
 fake.rf 1440.00000000 51368.66613971780200387 0.10000 7 
 fake.rf 1440.00000000 51382.68319062435010380 0.10000 7 
 fake.rf 1440.00000000 51396.44071474901013019 0.10000 7 
 fake.rf 1440.00000000 51410.54359106531425283 0.10000 7 
 fake.rf 1440.00000000 51424.58571818043936119 0.10000 7 
 fake.rf 1440.00000000 51438.43711271043015643 0.10000 7 
 fake.rf 1440.00000000 51452.21431376931435508 0.10000 7 
 fake.rf 1440.00000000 51466.05436498274312740 0.10000 7 
 fake.rf 1440.00000000 51480.12133378585382104 0.10000 7 
 fake.rf 1440.00000000 51494.06351118726853500 0.10000 7 
 fake.rf 1440.00000000 51508.05811306196660837 0.10000 7 
 fake.rf 1440.00000000 51522.46492101721798562 0.10000 7 
 fake.rf 1440.00000000 51536.35441136446515031 0.10000 7 
 fake.rf 1440.00000000 51549.82802051119833564 0.10000 7 
 fake.rf 1440.00000000 51563.89958564774806860 0.10000 7 
 fake.rf 1440.00000000 51578.30497507887187680 0.10000 7 
 fake.rf 1440.00000000 51592.08073399415881255 0.10000 7 
 fake.rf 1440.00000000 51605.94645196306129975 0.10000 7 
 fake.rf 1440.00000000 51619.90409321850048130 0.10000 7 
 fake.rf 1440.00000000 51633.85928890821847403 0.10000 7 
 fake.rf 1440.00000000 51647.99741013010624258 0.10000 7 
 fake.rf 1440.00000000 51661.90753816205168647 0.10000 7 
 fake.rf 1440.00000000 51675.99993977652469823 0.10000 7 
 fake.rf 1440.00000000 51689.62276652249255449 0.10000 7 
 fake.rf 1440.00000000 51703.54213384448977209 0.10000 7 
 fake.rf 1440.00000000 51717.95206332282636552 0.10000 7 
 fake.rf 1440.00000000 51731.68137277495359427 0.10000 7 
 fake.rf 1440.00000000 51745.47898187116237523 0.10000 7 
 fake.rf 1440.00000000 51759.80723566401072944 0.10000 7 
 fake.rf 1440.00000000 51773.74067349178828223 0.10000 7 
 fake.rf 1440.00000000 51787.69333607286893795 0.10000 7 
 fake.rf 1440.00000000 51801.38612719224769876 0.10000 7 
 fake.rf 1440.00000000 51815.37484202614930595 0.10000 7 
 fake.rf 1440.00000000 51829.12325473594425418 0.10000 7 
 fake.rf 1440.00000000 51843.62381494716366603 0.10000 7 
 fake.rf 1440.00000000 51857.02621623840897769 0.10000 7 
 fake.rf 1440.00000000 51871.33091627184773742 0.10000 7 
 fake.rf 1440.00000000 51884.98023695965361668 0.10000 7 
 fake.rf 1440.00000000 51898.92758218166223116 0.10000 7 
 fake.rf 1440.00000000 51913.33747706709283420 0.10000 7 
 fake.rf 1440.00000000 51926.96720121866034248 0.10000 7 
 fake.rf 1440.00000000 51940.94737438723725376 0.10000 7 
 fake.rf 1440.00000000 51955.13563662024714418 0.10000 7 
 fake.rf 1440.00000000 51968.69307718229768867 0.10000 7 
 fake.rf 1440.00000000 51982.85175223927030785 0.10000 7 
 fake.rf 1440.00000000 51997.14980568686034346 0.10000 7 
 fake.rf 1440.00000000 52011.15086173803846847 0.10000 7 
 fake.rf 1440.00000000 52025.12352178653394930 0.10000 7 
 fake.rf 1440.00000000 52038.65885259626217874 0.10000 7 
 fake.rf 1440.00000000 52052.65577596166946961 0.10000 7 
 fake.rf 1440.00000000 52066.62185780110711875 0.10000 7 
 fake.rf 1440.00000000 52081.00020252028153678 0.10000 7 
 fake.rf 1440.00000000 52094.94547998655874110 0.10000 7 
 fake.rf 1440.00000000 52108.37552283090746030 0.10000 7 
 fake.rf 1440.00000000 52122.41492036965443546 0.10000 7 
 fake.rf 1440.00000000 52136.31779126771947119 0.10000 7 
 fake.rf 1440.00000000 52150.19598961904922518 0.10000 7 
 fake.rf 1440.00000000 52164.66958936463190710 0.10000 7 
 fake.rf 1440.00000000 52178.40829540375960605 0.10000 7 
 fake.rf 1440.00000000 52192.65297361222634009 0.10000 7 
 fake.rf 1440.00000000 52206.43157060687019921 0.10000 7 
 fake.rf 1440.00000000 52220.16116525953395566 0.10000 7 
 fake.rf 1440.00000000 52234.13686070158936658 0.10000 7 
 fake.rf 1440.00000000 52247.94239854047101090 0.10000 7 
 fake.rf 1440.00000000 52262.12529867331664235 0.10000 7 
 fake.rf 1440.00000000 52275.97311373578639859 0.10000 7 
 fake.rf 1440.00000000 52289.88594561577144404 0.10000 7 
 fake.rf 1440.00000000 52303.74510517455787451 0.10000 7 
 fake.rf 1440.00000000 52317.94713365712341613 0.10000 7 
 fake.rf 1440.00000000 52331.84553681107815848 0.10000 7 
 fake.rf 1440.00000000 52346.15281732420693572 0.10000 7 
 fake.rf 1440.00000000 52360.02279601786322161 0.10000 7 
 fake.rf 1440.00000000 52373.93959843489288630 0.10000 7 
 fake.rf 1440.00000000 52387.80670053043366607 0.10000 7 
 fake.rf 1440.00000000 52401.93901253520796857 0.10000 7 
 fake.rf 1440.00000000 52416.05271605242267086 0.10000 7 
 fake.rf 1440.00000000 52429.58943104567068616 0.10000 7 
 fake.rf 1440.00000000 52443.76102512358459151 0.10000 7 
 fake.rf 1440.00000000 52457.88561479093912610 0.10000 7 
 fake.rf 1440.00000000 52471.66255328731513430 0.10000 7 
 fake.rf 1440.00000000 52485.86929683370911093 0.10000 7 
 fake.rf 1440.00000000 52499.33152774120840789 0.10000 7 
 fake.rf 1440.00000000 52513.52503703651605704 0.10000 7 
 fake.rf 1440.00000000 52527.71528406616838325 0.10000 7 
 fake.rf 1440.00000000 52541.31245058104700263 0.10000 7 
 fake.rf 1440.00000000 52555.58358351156392629 0.10000 7 
 fake.rf 1440.00000000 52569.04826080353669937 0.10000 7 
 fake.rf 1440.00000000 52583.22851840044840444 0.10000 7 
 fake.rf 1440.00000000 52597.34481049664359986 0.10000 7 
 fake.rf 1440.00000000 52611.25308650845578740 0.10000 7 
 fake.rf 1440.00000000 52625.04958177476595438 0.10000 7 
 fake.rf 1440.00000000 52638.98269690948351140 0.10000 7 
 fake.rf 1440.00000000 52653.32546034159352288 0.10000 7 
 fake.rf 1440.00000000 52667.13587707966447482 0.10000 7 
 fake.rf 1440.00000000 52680.91275612787388383 0.10000 7 
 fake.rf 1440.00000000 52694.80997910535882411 0.10000 7 
 fake.rf 1440.00000000 52709.17310362241394728 0.10000 7 
 fake.rf 1440.00000000 52722.90104062219624126 0.10000 7 
 fake.rf 1440.00000000 52736.69564916872673521 0.10000 7 
 fake.rf 1440.00000000 52750.63236164232175796 0.10000 7 
 fake.rf 1440.00000000 52764.96359450505108057 0.10000 7 
 fake.rf 1440.00000000 52779.10370959919437084 0.10000 7 
 fake.rf 1440.00000000 52792.94862684165666167 0.10000 7 
 fake.rf 1440.00000000 52806.56822150103550229 0.10000 7 
 fake.rf 1440.00000000 52820.61366483944042471 0.10000 7 
 fake.rf 1440.00000000 52834.62912010635675841 0.10000 7 
 fake.rf 1440.00000000 52848.40064437505787964 0.10000 7 
 fake.rf 1440.00000000 52862.68769538961921839 0.10000 7 
 fake.rf 1440.00000000 52876.24630419282051363 0.10000 7 
 fake.rf 1440.00000000 52890.18064417073566119 0.10000 7 
 fake.rf 1440.00000000 52904.28285975392746465 0.10000 7 
 fake.rf 1440.00000000 52918.08643815816363087 0.10000 7 
 fake.rf 1440.00000000 52932.18790177074251346 0.10000 7 
 fake.rf 1440.00000000 52946.52185273233454055 0.10000 7 
 fake.rf 1440.00000000 52960.55390423417779289 0.10000 7 
 fake.rf 1440.00000000 52974.29076039431073042 0.10000 7 
 fake.rf 1440.00000000 52988.26740368863450570 0.10000 7 
 fake.rf 1440.00000000 53002.46902524440917404 0.10000 7 
