FORMAT 1
 fake.rf 1440.00000000 50000.72647211041783422 0.10000 7 
 fake.rf 1440.00000000 50014.19096685068965158 0.10000 7 
 fake.rf 1440.00000000 50028.33909054413669182 0.10000 7 
 fake.rf 1440.00000000 50042.12915170433139522 0.10000 7 
 fake.rf 1440.00000000 50056.23165426246250931 0.10000 7 
 fake.rf 1440.00000000 50070.09410076416546787 0.10000 7 
 fake.rf 1440.00000000 50084.39947140017723015 0.10000 7 
 fake.rf 1440.00000000 50098.31707911766909191 0.10000 7 
 fake.rf 1440.00000000 50112.11497464762371834 0.10000 7 
 fake.rf 1440.00000000 50126.15502925680394952 0.10000 7 
 fake.rf 1440.00000000 50139.83880002863680048 0.10000 7 
 fake.rf 1440.00000000 50154.13619683988750708 0.10000 7 
 fake.rf 1440.00000000 50168.15118992909982154 0.10000 7 
 fake.rf 1440.00000000 50182.20441963449527378 0.10000 7 
 fake.rf 1440.00000000 50196.01349098780476865 0.10000 7 
 fake.rf 1440.00000000 50209.91162737549357686 0.10000 7 
 fake.rf 1440.00000000 50223.62267780703362519 0.10000 7 
 fake.rf 1440.00000000 50237.51541855049686802 0.10000 7 
 fake.rf 1440.00000000 50251.46723633122673647 0.10000 7 
 fake.rf 1440.00000000 50265.65470372261365029 0.10000 7 
 fake.rf 1440.00000000 50279.87272154714120020 0.10000 7 
 fake.rf 1440.00000000 50293.42137413754212716 0.10000 7 
 fake.rf 1440.00000000 50307.58140761196102630 0.10000 7 
 fake.rf 1440.00000000 50321.27320044237613672 0.10000 7 
 fake.rf 1440.00000000 50335.33032418815243503 0.10000 7 
 fake.rf 1440.00000000 50349.63004731520734936 0.10000 7 
 fake.rf 1440.00000000 50363.69401717008649655 0.10000 7 
 fake.rf 1440.00000000 50377.15475179208356948 0.10000 7 
 fake.rf 1440.00000000 50391.22955720527741974 0.10000 7 
 fake.rf 1440.00000000 50405.30839639364575788 0.10000 7 
 fake.rf 1440.00000000 50419.00897858987106304 0.10000 7 
 fake.rf 1440.00000000 50433.07734990347237058 0.10000 7 
 fake.rf 1440.00000000 50447.32557662543304389 0.10000 7 
 fake.rf 1440.00000000 50461.21250857223257569 0.10000 7 
 fake.rf 1440.00000000 50475.10916709904680744 0.10000 7 
 fake.rf 1440.00000000 50488.83145575458571130 0.10000 7 
 fake.rf 1440.00000000 50503.28572694323279535 0.10000 7 
 fake.rf 1440.00000000 50516.85931551462369526 0.10000 7 
 fake.rf 1440.00000000 50531.20410466243012237 0.10000 7 
 fake.rf 1440.00000000 50544.82783074593891826 0.10000 7 
 fake.rf 1440.00000000 50559.14636664754050699 0.10000 7 
 fake.rf 1440.00000000 50572.54648595617138085 0.10000 7 
 fake.rf 1440.00000000 50586.50583494158485820 0.10000 7 
 fake.rf 1440.00000000 50600.87759003929962276 0.10000 7 
 fake.rf 1440.00000000 50615.03583178414459098 0.10000 7 
 fake.rf 1440.00000000 50628.84247818314036493 0.10000 7 
 fake.rf 1440.00000000 50642.48392908281955016 0.10000 7 
 fake.rf 1440.00000000 50656.39144723346710819 0.10000 7 
 fake.rf 1440.00000000 50670.79572713050205124 0.10000 7 
 fake.rf 1440.00000000 50684.42722183264334390 0.10000 7 
 fake.rf 1440.00000000 50698.56043350828997518 0.10000 7 
 fake.rf 1440.00000000 50712.55429067335982296 0.10000 7 
 fake.rf 1440.00000000 50726.43933067201919584 0.10000 7 
 fake.rf 1440.00000000 50740.10413522859685997 0.10000 7 
 fake.rf 1440.00000000 50754.49467793130391513 0.10000 7 
 fake.rf 1440.00000000 50768.47506774528654461 0.10000 7 
 fake.rf 1440.00000000 50782.47782148932873270 0.10000 7 
 fake.rf 1440.00000000 50796.30389344304522936 0.10000 7 
 fake.rf 1440.00000000 50810.44991064416088733 0.10000 7 
 fake.rf 1440.00000000 50823.89902913219287939 0.10000 7 
 fake.rf 1440.00000000 50837.84216633697961996 0.10000 7 
 fake.rf 1440.00000000 50852.39365852058822881 0.10000 7 
 fake.rf 1440.00000000 50865.94937440096103742 0.10000 7 
 fake.rf 1440.00000000 50880.17896438438148365 0.10000 7 
 fake.rf 1440.00000000 50893.98894786088464670 0.10000 7 
 fake.rf 1440.00000000 50908.14621504101158322 0.10000 7 
 fake.rf 1440.00000000 50922.13631978275040879 0.10000 7 
 fake.rf 1440.00000000 50935.77213382478795012 0.10000 7 
 fake.rf 1440.00000000 50949.54121560164976401 0.10000 7 
 fake.rf 1440.00000000 50963.91433555322489468 0.10000 7 
 fake.rf 1440.00000000 50977.87876850620365943 0.10000 7 
 fake.rf 1440.00000000 50992.00461225563849155 0.10000 7 
 fake.rf 1440.00000000 51005.81607755673305604 0.10000 7 
 fake.rf 1440.00000000 51019.77808556131912709 0.10000 7 
 fake.rf 1440.00000000 51033.64724375620199481 0.10000 7 
 fake.rf 1440.00000000 51047.65517691045569038 0.10000 7 
 fake.rf 1440.00000000 51061.46205735584959484 0.10000 7 
 fake.rf 1440.00000000 51075.67755918765030643 0.10000 7 
 fake.rf 1440.00000000 51089.63123652548991060 0.10000 7 
 fake.rf 1440.00000000 51103.21395634069307690 0.10000 7 
 fake.rf 1440.00000000 51117.09917891001453683 0.10000 7 
 fake.rf 1440.00000000 51131.22429402874473325 0.10000 7 
 fake.rf 1440.00000000 51145.50576365319514593 0.10000 7 
 fake.rf 1440.00000000 51159.31425237622029911 0.10000 7 
 fake.rf 1440.00000000 51173.14239802655420064 0.10000 7 
 fake.rf 1440.00000000 51187.18596977360102684 0.10000 7 
 fake.rf 1440.00000000 51201.01307438148355899 0.10000 7 
 fake.rf 1440.00000000 51214.88219984772626603 0.10000 7 
 fake.rf 1440.00000000 51228.79006962473282982 0.10000 7 
 fake.rf 1440.00000000 51242.80141751532205419 0.10000 7 
 fake.rf 1440.00000000 51256.82455420069297247 0.10000 7 
 fake.rf 1440.00000000 51270.71378723736848215 0.10000 7 
 fake.rf 1440.00000000 51284.64818672855280823 0.10000 7 
 fake.rf 1440.00000000 51298.93193201747959620 0.10000 7 
 fake.rf 1440.00000000 51313.08898110163656270 0.10000 7 
 fake.rf 1440.00000000 51326.87159014702652371 0.10000 7 
 fake.rf 1440.00000000 51340.68416194528696295 0.10000 7 
 fake.rf 1440.00000000 51354.86954184354607023 0.10000 7 
 fake.rf 1440.00000000 51368.99285769077956587 0.10000 7 
 fake.rf 1440.00000000 51382.61273741322028741 0.10000 7 
 fake.rf 1440.00000000 51396.54279665635679919 0.10000 7 
 fake.rf 1440.00000000 51410.66877149688320259 0.10000 7 
 fake.rf 1440.00000000 51424.45272097176945536 0.10000 7 
 fake.rf 1440.00000000 51438.23247165613692644 0.10000 7 
 fake.rf 1440.00000000 51452.35868055733416782 0.10000 7 
 fake.rf 1440.00000000 51466.71668094260649440 0.10000 7 
 fake.rf 1440.00000000 51480.54259076546119545 0.10000 7 
 fake.rf 1440.00000000 51494.51390623055955587 0.10000 7 
 fake.rf 1440.00000000 51508.45896789935019910 0.10000 7 
 fake.rf 1440.00000000 51522.27678115970810424 0.10000 7 
 fake.rf 1440.00000000 51536.53570909903188735 0.10000 7 
 fake.rf 1440.00000000 51550.40421944107452745 0.10000 7 
 fake.rf 1440.00000000 51564.38537385806924362 0.10000 7 
 fake.rf 1440.00000000 51578.29733078864740392 0.10000 7 
 fake.rf 1440.00000000 51592.01255593980244996 0.10000 7 
 fake.rf 1440.00000000 51605.86008206212977356 0.10000 7 
 fake.rf 1440.00000000 51619.85383688292828097 0.10000 7 
 fake.rf 1440.00000000 51634.10105937854531888 0.10000 7 
 fake.rf 1440.00000000 51647.85593697328308949 0.10000 7 
 fake.rf 1440.00000000 51661.79578761225308980 0.10000 7 
 fake.rf 1440.00000000 51676.09258405416644422 0.10000 7 
 fake.rf 1440.00000000 51689.90882442404098995 0.10000 7 
 fake.rf 1440.00000000 51703.77613421140967986 0.10000 7 
 fake.rf 1440.00000000 51718.04555616890978698 0.10000 7 
 fake.rf 1440.00000000 51731.51710123586167356 0.10000 7 
 fake.rf 1440.00000000 51745.57968620187336484 0.10000 7 
 fake.rf 1440.00000000 51759.66994325975078084 0.10000 7 
 fake.rf 1440.00000000 51773.65895288461016932 0.10000 7 
 fake.rf 1440.00000000 51787.27847713058957879 0.10000 7 
 fake.rf 1440.00000000 51801.53027609556918520 0.10000 7 
 fake.rf 1440.00000000 51815.17739145098209974 0.10000 7 
 fake.rf 1440.00000000 51829.43186771957823922 0.10000 7 
 fake.rf 1440.00000000 51843.18120096480877024 0.10000 7 
 fake.rf 1440.00000000 51857.31715853952522721 0.10000 7 
 fake.rf 1440.00000000 51871.38961148934404477 0.10000 7 
 fake.rf 1440.00000000 51885.30337969077059412 0.10000 7 
 fake.rf 1440.00000000 51899.16889711532165919 0.10000 7 
 fake.rf 1440.00000000 51913.10548598453268809 0.10000 7 
 fake.rf 1440.00000000 51927.02879563118515804 0.10000 7 
 fake.rf 1440.00000000 51940.87760078316789247 0.10000 7 
 fake.rf 1440.00000000 51955.33689562535484541 0.10000 7 
 fake.rf 1440.00000000 51968.89069265384745577 0.10000 7 
 fake.rf 1440.00000000 51983.31290091625389493 0.10000 7 
 fake.rf 1440.00000000 51997.12490956709011769 0.10000 7 
 fake.rf 1440.00000000 52010.62888963472038384 0.10000 7 
 fake.rf 1440.00000000 52024.80454906978166818 0.10000 7 
 fake.rf 1440.00000000 52039.16897657730561377 0.10000 7 
 fake.rf 1440.00000000 52052.70493747500503545 0.10000 7 
 fake.rf 1440.00000000 52066.49937881753691471 0.10000 7 
 fake.rf 1440.00000000 52080.65690999792601090 0.10000 7 
 fake.rf 1440.00000000 52094.83761434406485336 0.10000 7 
 fake.rf 1440.00000000 52108.96707816474929231 0.10000 7 
 fake.rf 1440.00000000 52122.31240916347347891 0.10000 7 
 fake.rf 1440.00000000 52136.39864925263741924 0.10000 7 
 fake.rf 1440.00000000 52150.83576115716623889 0.10000 7 
 fake.rf 1440.00000000 52164.35752994262270477 0.10000 7 
 fake.rf 1440.00000000 52178.54458109166669644 0.10000 7 
 fake.rf 1440.00000000 52192.44350939781664778 0.10000 7 
 fake.rf 1440.00000000 52206.65918054558584416 0.10000 7 
 fake.rf 1440.00000000 52220.50398200655562420 0.10000 7 
 fake.rf 1440.00000000 52234.02626867466741700 0.10000 7 
 fake.rf 1440.00000000 52248.59394792274990493 0.10000 7 
 fake.rf 1440.00000000 52262.06478506016198438 0.10000 7 
 fake.rf 1440.00000000 52276.04129768276898815 0.10000 7 
 fake.rf 1440.00000000 52290.11649395798238871 0.10000 7 
 fake.rf 1440.00000000 52304.36467672954228547 0.10000 7 
 fake.rf 1440.00000000 52318.29318365547130654 0.10000 7 
 fake.rf 1440.00000000 52332.27212338278850368 0.10000 7 
 fake.rf 1440.00000000 52345.82845443394911200 0.10000 7 
 fake.rf 1440.00000000 52359.71849710094702957 0.10000 7 
 fake.rf 1440.00000000 52374.25113467895751995 0.10000 7 
 fake.rf 1440.00000000 52387.63832001654421333 0.10000 7 
 fake.rf 1440.00000000 52401.78705238642361408 0.10000 7 
 fake.rf 1440.00000000 52416.11345765566818855 0.10000 7 
 fake.rf 1440.00000000 52430.01754437952661192 0.10000 7 
 fake.rf 1440.00000000 52443.70848287233577523 0.10000 7 
 fake.rf 1440.00000000 52457.58210696209720325 0.10000 7 
 fake.rf 1440.00000000 52471.88884727643879557 0.10000 7 
 fake.rf 1440.00000000 52485.82063943845791698 0.10000 7 
 fake.rf 1440.00000000 52499.52693091759644872 0.10000 7 
 fake.rf 1440.00000000 52513.36276181318383038 0.10000 7 
 fake.rf 1440.00000000 52527.51348433896502499 0.10000 7 
 fake.rf 1440.00000000 52541.38746571767211080 0.10000 7 
 fake.rf 1440.00000000 52555.27352033955236621 0.10000 7 
 fake.rf 1440.00000000 52569.54870908878494973 0.10000 7 
 fake.rf 1440.00000000 52583.23136170711705617 0.10000 7 
 fake.rf 1440.00000000 52597.34407787948907753 0.10000 7 
 fake.rf 1440.00000000 52611.17787717356645061 0.10000 7 
 fake.rf 1440.00000000 52625.46435080315159993 0.10000 7 
 fake.rf 1440.00000000 52639.16429752712633672 0.10000 7 
 fake.rf 1440.00000000 52652.88112436874799371 0.10000 7 
 fake.rf 1440.00000000 52667.39477745066907488 0.10000 7 
 fake.rf 1440.00000000 52681.03396278530288299 0.10000 7 
 fake.rf 1440.00000000 52694.92651949807818923 0.10000 7 
 fake.rf 1440.00000000 52708.78824458376020701 0.10000 7 
 fake.rf 1440.00000000 52723.20751895324458758 0.10000 7 
 fake.rf 1440.00000000 52736.71981784397881654 0.10000 7 
 fake.rf 1440.00000000 52751.21494256803175560 0.10000 7 
 fake.rf 1440.00000000 52764.98471606286748070 0.10000 7 
 fake.rf 1440.00000000 52778.75823873994675139 0.10000 7 
 fake.rf 1440.00000000 52792.51496554680185014 0.10000 7 
 fake.rf 1440.00000000 52806.85560267236989418 0.10000 7 
 fake.rf 1440.00000000 52820.72120336082123870 0.10000 7 
 fake.rf 1440.00000000 52834.66488868418964131 0.10000 7 
 fake.rf 1440.00000000 52848.70349045939953925 0.10000 7 
 fake.rf 1440.00000000 52862.51140395503956526 0.10000 7 
 fake.rf 1440.00000000 52876.85092046559556778 0.10000 7 
 fake.rf 1440.00000000 52890.80137241609630649 0.10000 7 
 fake.rf 1440.00000000 52904.28758557668100337 0.10000 7 
 fake.rf 1440.00000000 52918.59712036803162860 0.10000 7 
 fake.rf 1440.00000000 52932.29208986906858314 0.10000 7 
 fake.rf 1440.00000000 52946.31902666093062493 0.10000 7 
 fake.rf 1440.00000000 52960.15084338551275778 0.10000 7 
 fake.rf 1440.00000000 52974.42468699363570650 0.10000 7 
 fake.rf 1440.00000000 52988.37590447182106601 0.10000 7 
 fake.rf 1440.00000000 53002.52113600961850892 0.10000 7 
