FORMAT 1
 fake.rf 1440.00000000 50000.10925012016805979 0.10000 7 
 fake.rf 1440.00000000 50014.21140981674838244 0.10000 7 
 fake.rf 1440.00000000 50028.22866678437480914 0.10000 7 
 fake.rf 1440.00000000 50042.54808874400168861 0.10000 7 
 fake.rf 1440.00000000 50056.38842121693893006 0.10000 7 
 fake.rf 1440.00000000 50070.16073106457058017 0.10000 7 
 fake.rf 1440.00000000 50084.36536551582158694 0.10000 7 
 fake.rf 1440.00000000 50097.88310940052923570 0.10000 7 
 fake.rf 1440.00000000 50112.25286870874000655 0.10000 7 
 fake.rf 1440.00000000 50126.35745431879511003 0.10000 7 
 fake.rf 1440.00000000 50140.33269859790949141 0.10000 7 
 fake.rf 1440.00000000 50154.25298284946015670 0.10000 7 
 fake.rf 1440.00000000 50168.22425261213420455 0.10000 7 
 fake.rf 1440.00000000 50182.00749645123990916 0.10000 7 
 fake.rf 1440.00000000 50195.73952941481534040 0.10000 7 
 fake.rf 1440.00000000 50210.17241870189555542 0.10000 7 
 fake.rf 1440.00000000 50223.66785913618092962 0.10000 7 
 fake.rf 1440.00000000 50237.97038552846574788 0.10000 7 
 fake.rf 1440.00000000 50251.71851948599198323 0.10000 7 
 fake.rf 1440.00000000 50265.95745446839277903 0.10000 7 
 fake.rf 1440.00000000 50279.43945370186251154 0.10000 7 
 fake.rf 1440.00000000 50293.56533027756657361 0.10000 7 
 fake.rf 1440.00000000 50307.79294328278026782 0.10000 7 
 fake.rf 1440.00000000 50321.46604840072012976 0.10000 7 
 fake.rf 1440.00000000 50335.27301918101077405 0.10000 7 
 fake.rf 1440.00000000 50349.23382774430474740 0.10000 7 
 fake.rf 1440.00000000 50363.63876239068292051 0.10000 7 
 fake.rf 1440.00000000 50377.31577597224636733 0.10000 7 
 fake.rf 1440.00000000 50391.58865416307788720 0.10000 7 
 fake.rf 1440.00000000 50405.31636570208732806 0.10000 7 
 fake.rf 1440.00000000 50419.17683692876531865 0.10000 7 
 fake.rf 1440.00000000 50433.48266342455103128 0.10000 7 
 fake.rf 1440.00000000 50447.35076070840838725 0.10000 7 
 fake.rf 1440.00000000 50461.26671498189549325 0.10000 7 
 fake.rf 1440.00000000 50475.26352283091681983 0.10000 7 
 fake.rf 1440.00000000 50489.01017863469361657 0.10000 7 
 fake.rf 1440.00000000 50502.73666886160271616 0.10000 7 
 fake.rf 1440.00000000 50516.97633721867937950 0.10000 7 
 fake.rf 1440.00000000 50530.94562965395785881 0.10000 7 
 fake.rf 1440.00000000 50545.08010522041345070 0.10000 7 
 fake.rf 1440.00000000 50558.79591858113820280 0.10000 7 
 fake.rf 1440.00000000 50572.77868144644481063 0.10000 7 
 fake.rf 1440.00000000 50586.87166726039244224 0.10000 7 
 fake.rf 1440.00000000 50600.59697646841831897 0.10000 7 
 fake.rf 1440.00000000 50615.06787589936776683 0.10000 7 
 fake.rf 1440.00000000 50628.93112072874423291 0.10000 7 
 fake.rf 1440.00000000 50642.46087862950635028 0.10000 7 
 fake.rf 1440.00000000 50656.46544457095991376 0.10000 7 
 fake.rf 1440.00000000 50670.66944187756735829 0.10000 7 
 fake.rf 1440.00000000 50684.65222647444372228 0.10000 7 
 fake.rf 1440.00000000 50698.26728678593861233 0.10000 7 
 fake.rf 1440.00000000 50712.65817603265700697 0.10000 7 
 fake.rf 1440.00000000 50726.13839660144693866 0.10000 7 
 fake.rf 1440.00000000 50740.68596269604846327 0.10000 7 
 fake.rf 1440.00000000 50754.12151647962927825 0.10000 7 
 fake.rf 1440.00000000 50768.11360055328830043 0.10000 7 
 fake.rf 1440.00000000 50781.99353455865226792 0.10000 7 
 fake.rf 1440.00000000 50796.53891572049426628 0.10000 7 
 fake.rf 1440.00000000 50810.24623946188249946 0.10000 7 
 fake.rf 1440.00000000 50824.43727774724744961 0.10000 7 
 fake.rf 1440.00000000 50838.08192981170629920 0.10000 7 
 fake.rf 1440.00000000 50852.35461752009187464 0.10000 7 
 fake.rf 1440.00000000 50866.22304172265889477 0.10000 7 
 fake.rf 1440.00000000 50879.77401712665627187 0.10000 7 
 fake.rf 1440.00000000 50894.00088514727532996 0.10000 7 
 fake.rf 1440.00000000 50907.90434328364306538 0.10000 7 
 fake.rf 1440.00000000 50921.90686723639377931 0.10000 7 
 fake.rf 1440.00000000 50935.89845157016134181 0.10000 7 
 fake.rf 1440.00000000 50950.07980411541546673 0.10000 7 
 fake.rf 1440.00000000 50964.08984657742216129 0.10000 7 
 fake.rf 1440.00000000 50977.58746586917743926 0.10000 7 
 fake.rf 1440.00000000 50991.52285785119015671 0.10000 7 
 fake.rf 1440.00000000 51005.55388920702571198 0.10000 7 
 fake.rf 1440.00000000 51019.84938708590168943 0.10000 7 
 fake.rf 1440.00000000 51033.54831429336450555 0.10000 7 
 fake.rf 1440.00000000 51047.42180452718602268 0.10000 7 
 fake.rf 1440.00000000 51061.61877330413751608 0.10000 7 
 fake.rf 1440.00000000 51075.55235114864254342 0.10000 7 
 fake.rf 1440.00000000 51089.46863334149680469 0.10000 7 
 fake.rf 1440.00000000 51103.24115883560759954 0.10000 7 
 fake.rf 1440.00000000 51117.19574735479609018 0.10000 7 
 fake.rf 1440.00000000 51131.43198260923882259 0.10000 7 
 fake.rf 1440.00000000 51144.96695677500800770 0.10000 7 
 fake.rf 1440.00000000 51159.10665856264767726 0.10000 7 
 fake.rf 1440.00000000 51173.26201930621949998 0.10000 7 
 fake.rf 1440.00000000 51186.93743994965528898 0.10000 7 
 fake.rf 1440.00000000 51201.10745191948589294 0.10000 7 
 fake.rf 1440.00000000 51215.18097275060221563 0.10000 7 
 fake.rf 1440.00000000 51228.77333393355290170 0.10000 7 
 fake.rf 1440.00000000 51243.35556235410863124 0.10000 7 
 fake.rf 1440.00000000 51256.99168084942591506 0.10000 7 
 fake.rf 1440.00000000 51270.93358689313614818 0.10000 7 
 fake.rf 1440.00000000 51285.16006238927556637 0.10000 7 
 fake.rf 1440.00000000 51298.70283116296735670 0.10000 7 
 fake.rf 1440.00000000 51312.90060536945581049 0.10000 7 
 fake.rf 1440.00000000 51326.72550831177464659 0.10000 7 
 fake.rf 1440.00000000 51340.87662791509313109 0.10000 7 
 fake.rf 1440.00000000 51354.44848545827723996 0.10000 7 
 fake.rf 1440.00000000 51368.96986546669236517 0.10000 7 
 fake.rf 1440.00000000 51382.67389704545641749 0.10000 7 
 fake.rf 1440.00000000 51396.29402311889809951 0.10000 7 
 fake.rf 1440.00000000 51410.35124848579010148 0.10000 7 
 fake.rf 1440.00000000 51424.69556472584004680 0.10000 7 
 fake.rf 1440.00000000 51438.38494827261106224 0.10000 7 
 fake.rf 1440.00000000 51452.77589759485036325 0.10000 7 
 fake.rf 1440.00000000 51466.19070041150958517 0.10000 7 
 fake.rf 1440.00000000 51480.45846690349500108 0.10000 7 
 fake.rf 1440.00000000 51494.41794442757976924 0.10000 7 
 fake.rf 1440.00000000 51508.47121784621658591 0.10000 7 
 fake.rf 1440.00000000 51522.02682592061781008 0.10000 7 
 fake.rf 1440.00000000 51536.46372167809133558 0.10000 7 
 fake.rf 1440.00000000 51550.50980964439560950 0.10000 7 
 fake.rf 1440.00000000 51564.33987908265979883 0.10000 7 
 fake.rf 1440.00000000 51578.34997501883252724 0.10000 7 
 fake.rf 1440.00000000 51591.90732419645652485 0.10000 7 
 fake.rf 1440.00000000 51605.93098045195067769 0.10000 7 
 fake.rf 1440.00000000 51620.32138977281253744 0.10000 7 
 fake.rf 1440.00000000 51634.08697695158528163 0.10000 7 
 fake.rf 1440.00000000 51648.22238008120983821 0.10000 7 
 fake.rf 1440.00000000 51661.57671006853452056 0.10000 7 
 fake.rf 1440.00000000 51675.96275173415920534 0.10000 7 
 fake.rf 1440.00000000 51689.77249940347764223 0.10000 7 
 fake.rf 1440.00000000 51703.77362815769557969 0.10000 7 
 fake.rf 1440.00000000 51717.75770469619714831 0.10000 7 
 fake.rf 1440.00000000 51731.81511394572033069 0.10000 7 
 fake.rf 1440.00000000 51745.38557622105728839 0.10000 7 
 fake.rf 1440.00000000 51759.89944847967995756 0.10000 7 
 fake.rf 1440.00000000 51773.47953669597448823 0.10000 7 
 fake.rf 1440.00000000 51787.32674928908125267 0.10000 7 
 fake.rf 1440.00000000 51801.73356093041373782 0.10000 7 
 fake.rf 1440.00000000 51815.72257347245222192 0.10000 7 
 fake.rf 1440.00000000 51829.22813816275185417 0.10000 7 
 fake.rf 1440.00000000 51843.06373463674833246 0.10000 7 
 fake.rf 1440.00000000 51857.43528946193372775 0.10000 7 
 fake.rf 1440.00000000 51871.33513044419176552 0.10000 7 
 fake.rf 1440.00000000 51885.59990225283590703 0.10000 7 
 fake.rf 1440.00000000 51899.42448603111414940 0.10000 7 
 fake.rf 1440.00000000 51912.96365286149863394 0.10000 7 
 fake.rf 1440.00000000 51927.22612829870495688 0.10000 7 
 fake.rf 1440.00000000 51941.14221153713338808 0.10000 7 
 fake.rf 1440.00000000 51954.94187916734108867 0.10000 7 
 fake.rf 1440.00000000 51969.01280973552825770 0.10000 7 
 fake.rf 1440.00000000 51983.01320703922228716 0.10000 7 
 fake.rf 1440.00000000 51996.68117017747133346 0.10000 7 
 fake.rf 1440.00000000 52010.80042278086960650 0.10000 7 
 fake.rf 1440.00000000 52025.06306196814378140 0.10000 7 
 fake.rf 1440.00000000 52038.79290741669376885 0.10000 7 
 fake.rf 1440.00000000 52052.67412873989941957 0.10000 7 
 fake.rf 1440.00000000 52066.74058118895803204 0.10000 7 
 fake.rf 1440.00000000 52080.64405583282416856 0.10000 7 
 fake.rf 1440.00000000 52094.58449987071719178 0.10000 7 
 fake.rf 1440.00000000 52108.40855335047355723 0.10000 7 
 fake.rf 1440.00000000 52122.82666843367297460 0.10000 7 
 fake.rf 1440.00000000 52136.80646724239835521 0.10000 7 
 fake.rf 1440.00000000 52150.65282338658608552 0.10000 7 
 fake.rf 1440.00000000 52164.49990709329959415 0.10000 7 
 fake.rf 1440.00000000 52178.75506094510849664 0.10000 7 
 fake.rf 1440.00000000 52192.48684873308944532 0.10000 7 
 fake.rf 1440.00000000 52206.61891336536141850 0.10000 7 
 fake.rf 1440.00000000 52220.09283919535506513 0.10000 7 
 fake.rf 1440.00000000 52234.26966470550824795 0.10000 7 
 fake.rf 1440.00000000 52248.42896797628901950 0.10000 7 
 fake.rf 1440.00000000 52262.11335122878058357 0.10000 7 
 fake.rf 1440.00000000 52276.16399926162634415 0.10000 7 
 fake.rf 1440.00000000 52290.06641677103581145 0.10000 7 
 fake.rf 1440.00000000 52304.35553372599764188 0.10000 7 
 fake.rf 1440.00000000 52318.04251297600896820 0.10000 7 
 fake.rf 1440.00000000 52331.80774032225211911 0.10000 7 
 fake.rf 1440.00000000 52346.34091684529471067 0.10000 7 
 fake.rf 1440.00000000 52359.66193092521830721 0.10000 7 
 fake.rf 1440.00000000 52374.04813422683697510 0.10000 7 
 fake.rf 1440.00000000 52387.75253780624581879 0.10000 7 
 fake.rf 1440.00000000 52401.84937517731572498 0.10000 7 
 fake.rf 1440.00000000 52415.60753520807120509 0.10000 7 
 fake.rf 1440.00000000 52429.68479462850390860 0.10000 7 
 fake.rf 1440.00000000 52443.93911066865191373 0.10000 7 
 fake.rf 1440.00000000 52457.99813592074845658 0.10000 7 
 fake.rf 1440.00000000 52471.84346689507207273 0.10000 7 
 fake.rf 1440.00000000 52485.35056369004911403 0.10000 7 
 fake.rf 1440.00000000 52499.51426743271855102 0.10000 7 
 fake.rf 1440.00000000 52513.30129906560395270 0.10000 7 
 fake.rf 1440.00000000 52527.45373266654026168 0.10000 7 
 fake.rf 1440.00000000 52541.47971598055371345 0.10000 7 
 fake.rf 1440.00000000 52555.72308875430281105 0.10000 7 
 fake.rf 1440.00000000 52569.22688056294150627 0.10000 7 
 fake.rf 1440.00000000 52583.13744609918586548 0.10000 7 
 fake.rf 1440.00000000 52597.26612864153213778 0.10000 7 
 fake.rf 1440.00000000 52611.06330032383519679 0.10000 7 
 fake.rf 1440.00000000 52625.41054642797660179 0.10000 7 
 fake.rf 1440.00000000 52639.04285300394057501 0.10000 7 
 fake.rf 1440.00000000 52653.01884326911152101 0.10000 7 
 fake.rf 1440.00000000 52666.91447423209598000 0.10000 7 
 fake.rf 1440.00000000 52681.41097682909719779 0.10000 7 
 fake.rf 1440.00000000 52695.10957640969182592 0.10000 7 
 fake.rf 1440.00000000 52709.09408144735495938 0.10000 7 
 fake.rf 1440.00000000 52722.86456096910671576 0.10000 7 
 fake.rf 1440.00000000 52736.89050355573217033 0.10000 7 
 fake.rf 1440.00000000 52750.60021394676963524 0.10000 7 
 fake.rf 1440.00000000 52764.84081357962316972 0.10000 7 
 fake.rf 1440.00000000 52778.77149202160002517 0.10000 7 
 fake.rf 1440.00000000 52792.50710926223952768 0.10000 7 
 fake.rf 1440.00000000 52806.50547156883356337 0.10000 7 
 fake.rf 1440.00000000 52820.84544633467280761 0.10000 7 
 fake.rf 1440.00000000 52834.71612703526141175 0.10000 7 
 fake.rf 1440.00000000 52848.51087541720152529 0.10000 7 
 fake.rf 1440.00000000 52862.29966902551357322 0.10000 7 
 fake.rf 1440.00000000 52876.46289182379500105 0.10000 7 
 fake.rf 1440.00000000 52890.35489154830705516 0.10000 7 
 fake.rf 1440.00000000 52904.69390881910625524 0.10000 7 
 fake.rf 1440.00000000 52918.40245448459558020 0.10000 7 
 fake.rf 1440.00000000 52932.49638401655249709 0.10000 7 
 fake.rf 1440.00000000 52946.66065900165028424 0.10000 7 
 fake.rf 1440.00000000 52960.55986428907549168 0.10000 7 
 fake.rf 1440.00000000 52974.05133659403949409 0.10000 7 
 fake.rf 1440.00000000 52988.49721044126416558 0.10000 7 
 fake.rf 1440.00000000 53001.93843358423908896 0.10000 7 
