FORMAT 1
 fake.rf 1440.00000000 50000.31362621214385555 0.10000 7 
 fake.rf 1440.00000000 50014.25974201288787668 0.10000 7 
 fake.rf 1440.00000000 50028.20302952591036316 0.10000 7 
 fake.rf 1440.00000000 50042.02876568994522799 0.10000 7 
 fake.rf 1440.00000000 50056.31208074437187250 0.10000 7 
 fake.rf 1440.00000000 50070.26958465125468578 0.10000 7 
 fake.rf 1440.00000000 50084.02917767006421101 0.10000 7 
 fake.rf 1440.00000000 50098.18055477677172860 0.10000 7 
 fake.rf 1440.00000000 50111.87488430731054123 0.10000 7 
 fake.rf 1440.00000000 50126.32387528151232914 0.10000 7 
 fake.rf 1440.00000000 50140.28395781713296842 0.10000 7 
 fake.rf 1440.00000000 50154.04245604276189141 0.10000 7 
 fake.rf 1440.00000000 50168.23938338821297833 0.10000 7 
 fake.rf 1440.00000000 50181.81162500607895183 0.10000 7 
 fake.rf 1440.00000000 50196.20569445935226582 0.10000 7 
 fake.rf 1440.00000000 50210.17646511379389551 0.10000 7 
 fake.rf 1440.00000000 50223.78529515312019882 0.10000 7 
 fake.rf 1440.00000000 50237.89089867254582700 0.10000 7 
 fake.rf 1440.00000000 50251.77057602138081194 0.10000 7 
 fake.rf 1440.00000000 50265.87904733149260394 0.10000 7 
 fake.rf 1440.00000000 50279.81167050365610649 0.10000 7 
 fake.rf 1440.00000000 50293.89279665717355172 0.10000 7 
 fake.rf 1440.00000000 50307.93149377163890890 0.10000 7 
 fake.rf 1440.00000000 50321.57469370286588628 0.10000 7 
 fake.rf 1440.00000000 50335.40259166985143580 0.10000 7 
 fake.rf 1440.00000000 50349.57344424861032550 0.10000 7 
 fake.rf 1440.00000000 50363.41914520888231976 0.10000 7 
 fake.rf 1440.00000000 50377.18447453843090145 0.10000 7 
 fake.rf 1440.00000000 50391.55169200868014912 0.10000 7 
 fake.rf 1440.00000000 50405.21482632608260133 0.10000 7 
 fake.rf 1440.00000000 50419.12627154917547045 0.10000 7 
 fake.rf 1440.00000000 50432.97197916555569108 0.10000 7 
 fake.rf 1440.00000000 50447.28612174670723078 0.10000 7 
 fake.rf 1440.00000000 50461.17908061015231169 0.10000 7 
 fake.rf 1440.00000000 50474.88875032822421929 0.10000 7 
 fake.rf 1440.00000000 50488.85776759463850283 0.10000 7 
 fake.rf 1440.00000000 50502.74645633995827865 0.10000 7 
 fake.rf 1440.00000000 50516.92061191261903730 0.10000 7 
 fake.rf 1440.00000000 50531.07923220413805154 0.10000 7 
 fake.rf 1440.00000000 50544.70047661330784194 0.10000 7 
 fake.rf 1440.00000000 50558.69518247787218002 0.10000 7 
 fake.rf 1440.00000000 50572.85211140033939614 0.10000 7 
 fake.rf 1440.00000000 50586.93674692283602567 0.10000 7 
 fake.rf 1440.00000000 50600.49993929118923219 0.10000 7 
 fake.rf 1440.00000000 50614.93400287664151094 0.10000 7 
 fake.rf 1440.00000000 50628.78426713184878949 0.10000 7 
 fake.rf 1440.00000000 50642.35645618910589505 0.10000 7 
 fake.rf 1440.00000000 50656.43757583199204575 0.10000 7 
 fake.rf 1440.00000000 50670.43166978337556117 0.10000 7 
 fake.rf 1440.00000000 50684.58842896188785687 0.10000 7 
 fake.rf 1440.00000000 50698.81624577805176557 0.10000 7 
 fake.rf 1440.00000000 50712.78118908287664723 0.10000 7 
 fake.rf 1440.00000000 50726.39063378063064746 0.10000 7 
 fake.rf 1440.00000000 50740.69537372390696106 0.10000 7 
 fake.rf 1440.00000000 50754.34174292918784843 0.10000 7 
 fake.rf 1440.00000000 50768.48397840789595037 0.10000 7 
 fake.rf 1440.00000000 50782.33113039916674580 0.10000 7 
 fake.rf 1440.00000000 50796.52809332460390834 0.10000 7 
 fake.rf 1440.00000000 50810.47388426535295380 0.10000 7 
 fake.rf 1440.00000000 50824.05981313432787871 0.10000 7 
 fake.rf 1440.00000000 50837.95813629917800114 0.10000 7 
 fake.rf 1440.00000000 50851.85359843879358976 0.10000 7 
 fake.rf 1440.00000000 50865.99012764515112295 0.10000 7 
 fake.rf 1440.00000000 50880.24081963438719001 0.10000 7 
 fake.rf 1440.00000000 50894.06746666033911453 0.10000 7 
 fake.rf 1440.00000000 50907.95189159123532718 0.10000 7 
 fake.rf 1440.00000000 50922.20982705972784288 0.10000 7 
 fake.rf 1440.00000000 50935.96338893517076940 0.10000 7 
 fake.rf 1440.00000000 50950.06019539782023742 0.10000 7 
 fake.rf 1440.00000000 50963.84831050501143679 0.10000 7 
 fake.rf 1440.00000000 50977.92800964429065758 0.10000 7 
 fake.rf 1440.00000000 50992.05774790547669895 0.10000 7 
 fake.rf 1440.00000000 51005.37435146794039298 0.10000 7 
 fake.rf 1440.00000000 51019.57691214994122930 0.10000 7 
 fake.rf 1440.00000000 51033.30806893603498864 0.10000 7 
 fake.rf 1440.00000000 51047.76362863064485254 0.10000 7 
 fake.rf 1440.00000000 51061.85467950925937330 0.10000 7 
 fake.rf 1440.00000000 51075.19625160815529696 0.10000 7 
 fake.rf 1440.00000000 51089.77115692930028956 0.10000 7 
 fake.rf 1440.00000000 51103.22786117558556640 0.10000 7 
 fake.rf 1440.00000000 51117.43108533126700976 0.10000 7 
 fake.rf 1440.00000000 51131.60536677989408716 0.10000 7 
 fake.rf 1440.00000000 51145.06524037212705380 0.10000 7 
 fake.rf 1440.00000000 51159.58280202519603108 0.10000 7 
 fake.rf 1440.00000000 51173.43338269531496820 0.10000 7 
 fake.rf 1440.00000000 51187.24451836010489814 0.10000 7 
 fake.rf 1440.00000000 51201.27587507112853515 0.10000 7 
 fake.rf 1440.00000000 51215.01183361733737343 0.10000 7 
 fake.rf 1440.00000000 51229.05815836852396572 0.10000 7 
 fake.rf 1440.00000000 51243.07353186978136250 0.10000 7 
 fake.rf 1440.00000000 51257.10031213360543134 0.10000 7 
 fake.rf 1440.00000000 51271.08318606630531988 0.10000 7 
 fake.rf 1440.00000000 51285.03224785125062368 0.10000 7 
 fake.rf 1440.00000000 51298.56711669442229606 0.10000 7 
 fake.rf 1440.00000000 51312.83890875965938250 0.10000 7 
 fake.rf 1440.00000000 51326.65284361446144246 0.10000 7 
 fake.rf 1440.00000000 51340.77703002322720494 0.10000 7 
 fake.rf 1440.00000000 51354.67831690486474727 0.10000 7 
 fake.rf 1440.00000000 51368.95070635002614878 0.10000 7 
 fake.rf 1440.00000000 51382.54325879376806796 0.10000 7 
 fake.rf 1440.00000000 51396.93755347341959094 0.10000 7 
 fake.rf 1440.00000000 51410.66120151729634102 0.10000 7 
 fake.rf 1440.00000000 51424.42171825578662236 0.10000 7 
 fake.rf 1440.00000000 51438.83750895542922521 0.10000 7 
 fake.rf 1440.00000000 51452.80194374774289301 0.10000 7 
 fake.rf 1440.00000000 51466.33184345136707805 0.10000 7 
 fake.rf 1440.00000000 51480.57475341416508741 0.10000 7 
 fake.rf 1440.00000000 51494.66846526886716973 0.10000 7 
 fake.rf 1440.00000000 51508.24482969082521322 0.10000 7 
 fake.rf 1440.00000000 51522.43420428709900349 0.10000 7 
 fake.rf 1440.00000000 51536.02284638082315027 0.10000 7 
 fake.rf 1440.00000000 51550.50732772473485355 0.10000 7 
 fake.rf 1440.00000000 51564.24254316962609934 0.10000 7 
 fake.rf 1440.00000000 51577.99595168339714135 0.10000 7 
 fake.rf 1440.00000000 51592.36955406702642790 0.10000 7 
 fake.rf 1440.00000000 51605.99357633643365517 0.10000 7 
 fake.rf 1440.00000000 51620.26301318116962236 0.10000 7 
 fake.rf 1440.00000000 51634.03953155416447629 0.10000 7 
 fake.rf 1440.00000000 51648.10440513661882278 0.10000 7 
 fake.rf 1440.00000000 51661.79172617646449694 0.10000 7 
 fake.rf 1440.00000000 51675.62184412627885166 0.10000 7 
 fake.rf 1440.00000000 51689.75172391364342772 0.10000 7 
 fake.rf 1440.00000000 51703.46014512013335462 0.10000 7 
 fake.rf 1440.00000000 51717.94421744227374305 0.10000 7 
 fake.rf 1440.00000000 51731.64719222683962130 0.10000 7 
 fake.rf 1440.00000000 51745.66563160586168024 0.10000 7 
 fake.rf 1440.00000000 51759.33519814290190197 0.10000 7 
 fake.rf 1440.00000000 51773.86725206520422304 0.10000 7 
 fake.rf 1440.00000000 51787.82520429132913264 0.10000 7 
 fake.rf 1440.00000000 51801.80538660848124621 0.10000 7 
 fake.rf 1440.00000000 51815.30155222666594028 0.10000 7 
 fake.rf 1440.00000000 51829.69202506821596188 0.10000 7 
 fake.rf 1440.00000000 51843.43408140753842872 0.10000 7 
 fake.rf 1440.00000000 51857.39565666573608027 0.10000 7 
 fake.rf 1440.00000000 51871.57347979258765847 0.10000 7 
 fake.rf 1440.00000000 51885.31819701222728369 0.10000 7 
 fake.rf 1440.00000000 51899.51456453238628796 0.10000 7 
 fake.rf 1440.00000000 51913.30685702754783506 0.10000 7 
 fake.rf 1440.00000000 51927.18351204193029602 0.10000 7 
 fake.rf 1440.00000000 51940.99447022459595402 0.10000 7 
 fake.rf 1440.00000000 51955.01436317761431383 0.10000 7 
 fake.rf 1440.00000000 51969.18455322458876466 0.10000 7 
 fake.rf 1440.00000000 51982.85155209238301310 0.10000 7 
 fake.rf 1440.00000000 51997.31155328745993671 0.10000 7 
 fake.rf 1440.00000000 52011.27337807559412397 0.10000 7 
 fake.rf 1440.00000000 52024.68553864823561739 0.10000 7 
 fake.rf 1440.00000000 52038.80778789673432172 0.10000 7 
 fake.rf 1440.00000000 52053.07727574209342691 0.10000 7 
 fake.rf 1440.00000000 52066.97084738909094170 0.10000 7 
 fake.rf 1440.00000000 52080.52952977927153810 0.10000 7 
 fake.rf 1440.00000000 52094.52456474709679668 0.10000 7 
 fake.rf 1440.00000000 52108.95314693879601720 0.10000 7 
 fake.rf 1440.00000000 52122.67993517124136105 0.10000 7 
 fake.rf 1440.00000000 52136.42161728168044377 0.10000 7 
 fake.rf 1440.00000000 52150.70583149769128184 0.10000 7 
 fake.rf 1440.00000000 52164.84048716115043476 0.10000 7 
 fake.rf 1440.00000000 52178.63883471567040573 0.10000 7 
 fake.rf 1440.00000000 52192.63084134327604602 0.10000 7 
 fake.rf 1440.00000000 52206.66911033574051615 0.10000 7 
 fake.rf 1440.00000000 52220.46363634052138636 0.10000 7 
 fake.rf 1440.00000000 52234.47405136158982941 0.10000 7 
 fake.rf 1440.00000000 52248.04671207373406716 0.10000 7 
 fake.rf 1440.00000000 52262.26993699719973563 0.10000 7 
 fake.rf 1440.00000000 52276.06063431959677246 0.10000 7 
 fake.rf 1440.00000000 52290.29976297293211829 0.10000 7 
 fake.rf 1440.00000000 52304.07237040115387927 0.10000 7 
 fake.rf 1440.00000000 52318.31267779102617510 0.10000 7 
 fake.rf 1440.00000000 52332.11973325108418464 0.10000 7 
 fake.rf 1440.00000000 52345.72285921682770748 0.10000 7 
 fake.rf 1440.00000000 52359.87804775060421392 0.10000 7 
 fake.rf 1440.00000000 52374.20095419005923532 0.10000 7 
 fake.rf 1440.00000000 52387.86219921384250497 0.10000 7 
 fake.rf 1440.00000000 52401.55913722400410393 0.10000 7 
 fake.rf 1440.00000000 52415.58726854176389764 0.10000 7 
 fake.rf 1440.00000000 52429.74674071998531844 0.10000 7 
 fake.rf 1440.00000000 52443.44372950906328512 0.10000 7 
 fake.rf 1440.00000000 52457.58891415418816351 0.10000 7 
 fake.rf 1440.00000000 52471.90886191507862080 0.10000 7 
 fake.rf 1440.00000000 52485.91356446122011548 0.10000 7 
 fake.rf 1440.00000000 52499.32388029545066743 0.10000 7 
 fake.rf 1440.00000000 52513.24073642297151565 0.10000 7 
 fake.rf 1440.00000000 52527.27869991693755836 0.10000 7 
 fake.rf 1440.00000000 52541.15582404339098588 0.10000 7 
 fake.rf 1440.00000000 52555.50436114728994852 0.10000 7 
 fake.rf 1440.00000000 52569.32223298261211752 0.10000 7 
 fake.rf 1440.00000000 52583.52179729388502949 0.10000 7 
 fake.rf 1440.00000000 52597.37654925529308514 0.10000 7 
 fake.rf 1440.00000000 52611.03099476254497802 0.10000 7 
 fake.rf 1440.00000000 52625.26079185262590343 0.10000 7 
 fake.rf 1440.00000000 52639.19203903848025305 0.10000 7 
 fake.rf 1440.00000000 52653.34590308277983439 0.10000 7 
 fake.rf 1440.00000000 52666.95767449426298512 0.10000 7 
 fake.rf 1440.00000000 52681.16647521225160133 0.10000 7 
 fake.rf 1440.00000000 52694.91512344035382398 0.10000 7 
 fake.rf 1440.00000000 52709.02248516610841378 0.10000 7 
 fake.rf 1440.00000000 52722.84197382114947317 0.10000 7 
 fake.rf 1440.00000000 52737.06812238861012787 0.10000 7 
 fake.rf 1440.00000000 52750.78735072404831641 0.10000 7 
 fake.rf 1440.00000000 52765.11878774066667575 0.10000 7 
 fake.rf 1440.00000000 52778.98628812650244768 0.10000 7 
 fake.rf 1440.00000000 52792.89893110522660535 0.10000 7 
 fake.rf 1440.00000000 52806.92483409700627206 0.10000 7 
 fake.rf 1440.00000000 52820.49180550362902764 0.10000 7 
 fake.rf 1440.00000000 52834.80627923571205429 0.10000 7 
 fake.rf 1440.00000000 52848.89853944026522470 0.10000 7 
 fake.rf 1440.00000000 52862.66320941285093937 0.10000 7 
 fake.rf 1440.00000000 52876.71289784937927436 0.10000 7 
 fake.rf 1440.00000000 52890.32190230557292310 0.10000 7 
 fake.rf 1440.00000000 52904.44474579847613782 0.10000 7 
 fake.rf 1440.00000000 52918.53736290170260403 0.10000 7 
 fake.rf 1440.00000000 52932.26157583151945829 0.10000 7 
 fake.rf 1440.00000000 52946.33950168507551126 0.10000 7 
 fake.rf 1440.00000000 52960.50830849502011333 0.10000 7 
 fake.rf 1440.00000000 52974.14787156268410584 0.10000 7 
 fake.rf 1440.00000000 52987.94589364355920225 0.10000 7 
 fake.rf 1440.00000000 53001.97079831723160126 0.10000 7 
