FORMAT 1
 fake.rf 1440.00000000 50000.83506062029876205 0.10000 7 
 fake.rf 1440.00000000 50014.52606099210212065 0.10000 7 
 fake.rf 1440.00000000 50028.24363702578476776 0.10000 7 
 fake.rf 1440.00000000 50042.38901376940534504 0.10000 7 
 fake.rf 1440.00000000 50056.04948737114953516 0.10000 7 
 fake.rf 1440.00000000 50070.62582010871990335 0.10000 7 
 fake.rf 1440.00000000 50084.42119447054476211 0.10000 7 
 fake.rf 1440.00000000 50098.32869482518196946 0.10000 7 
 fake.rf 1440.00000000 50112.02523517613242987 0.10000 7 
 fake.rf 1440.00000000 50125.96619731506168449 0.10000 7 
 fake.rf 1440.00000000 50140.39807914776602260 0.10000 7 
 fake.rf 1440.00000000 50154.35899398667831761 0.10000 7 
 fake.rf 1440.00000000 50168.05741055698022635 0.10000 7 
 fake.rf 1440.00000000 50182.19228883670351848 0.10000 7 
 fake.rf 1440.00000000 50196.05893017608732265 0.10000 7 
 fake.rf 1440.00000000 50209.70821571159870444 0.10000 7 
 fake.rf 1440.00000000 50223.90722305348887744 0.10000 7 
 fake.rf 1440.00000000 50238.04572863563232588 0.10000 7 
 fake.rf 1440.00000000 50252.04771381363850935 0.10000 7 
 fake.rf 1440.00000000 50265.71054092139980085 0.10000 7 
 fake.rf 1440.00000000 50279.65194243149012721 0.10000 7 
 fake.rf 1440.00000000 50293.74184210601896439 0.10000 7 
 fake.rf 1440.00000000 50307.71856636428474729 0.10000 7 
 fake.rf 1440.00000000 50321.82103752611227776 0.10000 7 
 fake.rf 1440.00000000 50335.37511375212411480 0.10000 7 
 fake.rf 1440.00000000 50349.78094365619108430 0.10000 7 
 fake.rf 1440.00000000 50363.33289997717403352 0.10000 7 
 fake.rf 1440.00000000 50377.76067570049465871 0.10000 7 
 fake.rf 1440.00000000 50391.17762813293287394 0.10000 7 
 fake.rf 1440.00000000 50405.23249941906948024 0.10000 7 
 fake.rf 1440.00000000 50419.05673912642650691 0.10000 7 
 fake.rf 1440.00000000 50433.05593781328911973 0.10000 7 
 fake.rf 1440.00000000 50447.50670218267334732 0.10000 7 
 fake.rf 1440.00000000 50461.08674401489771100 0.10000 7 
 fake.rf 1440.00000000 50475.26954550946048528 0.10000 7 
 fake.rf 1440.00000000 50489.41900954573816662 0.10000 7 
 fake.rf 1440.00000000 50502.94694347504677623 0.10000 7 
 fake.rf 1440.00000000 50516.96334542071188523 0.10000 7 
 fake.rf 1440.00000000 50531.05853589252342317 0.10000 7 
 fake.rf 1440.00000000 50544.98790291182131540 0.10000 7 
 fake.rf 1440.00000000 50558.98349304939091198 0.10000 7 
 fake.rf 1440.00000000 50572.88212478280462392 0.10000 7 
 fake.rf 1440.00000000 50586.81063266597000094 0.10000 7 
 fake.rf 1440.00000000 50600.54286544528137526 0.10000 7 
 fake.rf 1440.00000000 50614.61460151807088081 0.10000 7 
 fake.rf 1440.00000000 50629.11464349947794616 0.10000 7 
 fake.rf 1440.00000000 50642.53438786123698279 0.10000 7 
 fake.rf 1440.00000000 50656.84335734842336763 0.10000 7 
 fake.rf 1440.00000000 50670.85346429578918048 0.10000 7 
 fake.rf 1440.00000000 50684.31341996214266388 0.10000 7 
 fake.rf 1440.00000000 50698.32344260389649904 0.10000 7 
 fake.rf 1440.00000000 50712.31317709930899440 0.10000 7 
 fake.rf 1440.00000000 50726.56792519083546367 0.10000 7 
 fake.rf 1440.00000000 50740.59289812403961051 0.10000 7 
 fake.rf 1440.00000000 50754.72332988785873908 0.10000 7 
 fake.rf 1440.00000000 50768.57038024344373994 0.10000 7 
 fake.rf 1440.00000000 50782.37274249659952119 0.10000 7 
 fake.rf 1440.00000000 50796.09335666002705167 0.10000 7 
 fake.rf 1440.00000000 50810.40640881379222193 0.10000 7 
 fake.rf 1440.00000000 50824.33061622700970261 0.10000 7 
 fake.rf 1440.00000000 50838.14432770889311186 0.10000 7 
 fake.rf 1440.00000000 50852.31984568767720845 0.10000 7 
 fake.rf 1440.00000000 50866.28147785884583243 0.10000 7 
 fake.rf 1440.00000000 50879.91751306946637712 0.10000 7 
 fake.rf 1440.00000000 50894.37796557622279892 0.10000 7 
 fake.rf 1440.00000000 50907.89395865276415520 0.10000 7 
 fake.rf 1440.00000000 50921.71768399611292466 0.10000 7 
 fake.rf 1440.00000000 50935.74429654896676567 0.10000 7 
 fake.rf 1440.00000000 50949.98158427130098858 0.10000 7 
 fake.rf 1440.00000000 50963.93872616032133038 0.10000 7 
 fake.rf 1440.00000000 50977.93293177424813578 0.10000 7 
 fake.rf 1440.00000000 50991.53736901503398826 0.10000 7 
 fake.rf 1440.00000000 51005.43136869490626140 0.10000 7 
 fake.rf 1440.00000000 51019.39230827927266532 0.10000 7 
 fake.rf 1440.00000000 51033.43387104956769917 0.10000 7 
 fake.rf 1440.00000000 51047.43783286201543703 0.10000 7 
 fake.rf 1440.00000000 51061.27037384797661446 0.10000 7 
 fake.rf 1440.00000000 51075.43657368849134670 0.10000 7 
 fake.rf 1440.00000000 51089.78773108254856439 0.10000 7 
 fake.rf 1440.00000000 51103.66860503881413891 0.10000 7 
 fake.rf 1440.00000000 51117.33298660694845239 0.10000 7 
 fake.rf 1440.00000000 51131.73239268724162798 0.10000 7 
 fake.rf 1440.00000000 51145.64122724955517540 0.10000 7 
 fake.rf 1440.00000000 51159.59858296507664832 0.10000 7 
 fake.rf 1440.00000000 51173.39452139818681431 0.10000 7 
 fake.rf 1440.00000000 51187.47201379898989870 0.10000 7 
 fake.rf 1440.00000000 51201.31464592855418516 0.10000 7 
 fake.rf 1440.00000000 51214.95117266974418158 0.10000 7 
 fake.rf 1440.00000000 51229.45417197889721095 0.10000 7 
 fake.rf 1440.00000000 51242.98141565507308215 0.10000 7 
 fake.rf 1440.00000000 51257.24704258140629420 0.10000 7 
 fake.rf 1440.00000000 51270.93531276652444362 0.10000 7 
 fake.rf 1440.00000000 51284.67630046318972603 0.10000 7 
 fake.rf 1440.00000000 51298.94178559250399374 0.10000 7 
 fake.rf 1440.00000000 51312.97098373354540612 0.10000 7 
 fake.rf 1440.00000000 51326.54398336711589579 0.10000 7 
 fake.rf 1440.00000000 51341.03035428474459323 0.10000 7 
 fake.rf 1440.00000000 51354.92150385948410829 0.10000 7 
 fake.rf 1440.00000000 51368.55934205893773381 0.10000 7 
 fake.rf 1440.00000000 51382.65456012512617079 0.10000 7 
 fake.rf 1440.00000000 51396.54107763169540135 0.10000 7 
 fake.rf 1440.00000000 51410.87801421055880269 0.10000 7 
 fake.rf 1440.00000000 51424.61589559004361405 0.10000 7 
 fake.rf 1440.00000000 51438.43463882686218724 0.10000 7 
 fake.rf 1440.00000000 51452.77074108052610057 0.10000 7 
 fake.rf 1440.00000000 51466.58841125657758298 0.10000 7 
 fake.rf 1440.00000000 51480.44934241714216228 0.10000 7 
 fake.rf 1440.00000000 51494.65621167495186228 0.10000 7 
 fake.rf 1440.00000000 51508.67830781430386011 0.10000 7 
 fake.rf 1440.00000000 51522.26195573623486723 0.10000 7 
 fake.rf 1440.00000000 51536.38792504954355778 0.10000 7 
 fake.rf 1440.00000000 51550.11262879948055016 0.10000 7 
 fake.rf 1440.00000000 51564.13390887554175990 0.10000 7 
 fake.rf 1440.00000000 51578.20693879467045306 0.10000 7 
 fake.rf 1440.00000000 51591.92722437056027474 0.10000 7 
 fake.rf 1440.00000000 51605.78266888456311179 0.10000 7 
 fake.rf 1440.00000000 51619.97141732718326068 0.10000 7 
 fake.rf 1440.00000000 51634.23922775059885026 0.10000 7 
 fake.rf 1440.00000000 51647.76942508534596499 0.10000 7 
 fake.rf 1440.00000000 51661.83273221074199810 0.10000 7 
 fake.rf 1440.00000000 51675.66601239225264308 0.10000 7 
 fake.rf 1440.00000000 51690.16672935584106696 0.10000 7 
 fake.rf 1440.00000000 51703.95653271608545154 0.10000 7 
 fake.rf 1440.00000000 51717.56902666598317708 0.10000 7 
 fake.rf 1440.00000000 51731.70678819092898948 0.10000 7 
 fake.rf 1440.00000000 51745.56401577111114065 0.10000 7 
 fake.rf 1440.00000000 51759.45440205650431764 0.10000 7 
 fake.rf 1440.00000000 51773.45009388356013247 0.10000 7 
 fake.rf 1440.00000000 51787.90336376923228912 0.10000 7 
 fake.rf 1440.00000000 51801.46981432750207475 0.10000 7 
 fake.rf 1440.00000000 51815.59895029642417796 0.10000 7 
 fake.rf 1440.00000000 51829.31029712227586614 0.10000 7 
 fake.rf 1440.00000000 51843.25191030514403678 0.10000 7 
 fake.rf 1440.00000000 51857.15715371380868248 0.10000 7 
 fake.rf 1440.00000000 51871.39213651139966288 0.10000 7 
 fake.rf 1440.00000000 51885.04141136303774928 0.10000 7 
 fake.rf 1440.00000000 51899.46921770578419597 0.10000 7 
 fake.rf 1440.00000000 51913.60335768005049673 0.10000 7 
 fake.rf 1440.00000000 51927.49772786486063580 0.10000 7 
 fake.rf 1440.00000000 51941.31918971495681703 0.10000 7 
 fake.rf 1440.00000000 51955.07520370855787917 0.10000 7 
 fake.rf 1440.00000000 51969.13376925322406663 0.10000 7 
 fake.rf 1440.00000000 51983.38482760349681655 0.10000 7 
 fake.rf 1440.00000000 51997.20034770639912480 0.10000 7 
 fake.rf 1440.00000000 52010.70350263565354609 0.10000 7 
 fake.rf 1440.00000000 52024.71307258946880836 0.10000 7 
 fake.rf 1440.00000000 52039.08892998263592133 0.10000 7 
 fake.rf 1440.00000000 52052.81905938319933469 0.10000 7 
 fake.rf 1440.00000000 52067.13466582732307231 0.10000 7 
 fake.rf 1440.00000000 52081.07894662558736343 0.10000 7 
 fake.rf 1440.00000000 52094.91060920491359099 0.10000 7 
 fake.rf 1440.00000000 52108.43105526144217521 0.10000 7 
 fake.rf 1440.00000000 52122.91427912528590838 0.10000 7 
 fake.rf 1440.00000000 52136.57397111019764679 0.10000 7 
 fake.rf 1440.00000000 52150.41180378744418533 0.10000 7 
 fake.rf 1440.00000000 52164.40434860865874356 0.10000 7 
 fake.rf 1440.00000000 52178.62616088572746875 0.10000 7 
 fake.rf 1440.00000000 52192.39260594002528748 0.10000 7 
 fake.rf 1440.00000000 52206.41906866219843764 0.10000 7 
 fake.rf 1440.00000000 52220.46571023865623928 0.10000 7 
 fake.rf 1440.00000000 52234.50349859936070374 0.10000 7 
 fake.rf 1440.00000000 52248.03065667541677541 0.10000 7 
 fake.rf 1440.00000000 52262.49353777918245356 0.10000 7 
 fake.rf 1440.00000000 52276.51116540020186818 0.10000 7 
 fake.rf 1440.00000000 52289.98179293122156963 0.10000 7 
 fake.rf 1440.00000000 52304.05121620873459776 0.10000 7 
 fake.rf 1440.00000000 52318.42301146058686712 0.10000 7 
 fake.rf 1440.00000000 52332.35967140097491779 0.10000 7 
 fake.rf 1440.00000000 52345.93479407738540843 0.10000 7 
 fake.rf 1440.00000000 52360.23918553155494848 0.10000 7 
 fake.rf 1440.00000000 52374.03553339437557668 0.10000 7 
 fake.rf 1440.00000000 52388.07156280423236439 0.10000 7 
 fake.rf 1440.00000000 52401.80607919100128100 0.10000 7 
 fake.rf 1440.00000000 52415.89171152727558578 0.10000 7 
 fake.rf 1440.00000000 52429.78148708217276308 0.10000 7 
 fake.rf 1440.00000000 52443.72405113678942357 0.10000 7 
 fake.rf 1440.00000000 52457.85747948043724520 0.10000 7 
 fake.rf 1440.00000000 52471.49467180165283509 0.10000 7 
 fake.rf 1440.00000000 52485.87225798486293016 0.10000 7 
 fake.rf 1440.00000000 52499.69285222343124531 0.10000 7 
 fake.rf 1440.00000000 52513.31255140440541496 0.10000 7 
 fake.rf 1440.00000000 52527.56002622777898736 0.10000 7 
 fake.rf 1440.00000000 52541.60595922072218400 0.10000 7 
 fake.rf 1440.00000000 52555.74710837740182967 0.10000 7 
 fake.rf 1440.00000000 52569.69250124148366865 0.10000 7 
 fake.rf 1440.00000000 52583.61449300033810061 0.10000 7 
 fake.rf 1440.00000000 52597.11974630395697261 0.10000 7 
 fake.rf 1440.00000000 52611.32517755030676909 0.10000 7 
 fake.rf 1440.00000000 52625.05184045055328923 0.10000 7 
 fake.rf 1440.00000000 52639.28844920152311104 0.10000 7 
 fake.rf 1440.00000000 52653.57874805235553950 0.10000 7 
 fake.rf 1440.00000000 52667.38142540102302647 0.10000 7 
 fake.rf 1440.00000000 52681.18341826486638269 0.10000 7 
 fake.rf 1440.00000000 52695.30815764685978309 0.10000 7 
 fake.rf 1440.00000000 52709.16668867047289027 0.10000 7 
 fake.rf 1440.00000000 52723.14420185186521550 0.10000 7 
 fake.rf 1440.00000000 52736.70992388482977731 0.10000 7 
 fake.rf 1440.00000000 52750.97847619825541798 0.10000 7 
 fake.rf 1440.00000000 52764.93087539336630698 0.10000 7 
 fake.rf 1440.00000000 52778.77661285334849595 0.10000 7 
 fake.rf 1440.00000000 52792.72111601747620568 0.10000 7 
 fake.rf 1440.00000000 52806.50808914871382171 0.10000 7 
 fake.rf 1440.00000000 52821.09474875483561362 0.10000 7 
 fake.rf 1440.00000000 52834.81199440323235805 0.10000 7 
 fake.rf 1440.00000000 52848.72282591454756329 0.10000 7 
 fake.rf 1440.00000000 52862.57082043564341234 0.10000 7 
 fake.rf 1440.00000000 52876.93552286980177612 0.10000 7 
 fake.rf 1440.00000000 52890.35134217145580138 0.10000 7 
 fake.rf 1440.00000000 52904.54142174901038231 0.10000 7 
 fake.rf 1440.00000000 52918.65526976976732954 0.10000 7 
 fake.rf 1440.00000000 52932.59657600414313450 0.10000 7 
 fake.rf 1440.00000000 52946.44458083860560293 0.10000 7 
 fake.rf 1440.00000000 52960.17746309737122701 0.10000 7 
 fake.rf 1440.00000000 52974.20292839334442547 0.10000 7 
 fake.rf 1440.00000000 52988.23030844536497597 0.10000 7 
 fake.rf 1440.00000000 53002.61347628008165600 0.10000 7 
